5141
4090
5014
5686
2503
9436
3717
9528
8753
8509
8505
1486
2058
3239
7071
8018
4052
5269
7227
3679
8289
1825
7331
3642
8386
677
6334
6554
4061
483
5365
1889
8604
5363
5604
4563
5117
8495
7487
8378
172
8303
639
6698
8943
4994
5149
994
4454
800
5561
1289
8891
7539
4952
2600
305
6780
4320
3193
7021
8257
5605
4259
4079
3630
576
565
6905
5196
425
1521
1645
5459
7088
1877
4033
2440
5745
4311
2779
7653
843
5612
4143
4831
3986
9384
8520
6226
612
299
6312
3005
4700
3466
9329
907
5644
9284
2790
3018
290
1040
2315
2568
8170
1024
2275
5903
5977
6076
6756
5025
5197
4551
7976
5538
4292
6510
5847
8180
4888
5338
8570
1559
513
1892
8960
205
9923
934
4322
8643
6122
1320
9599
1734
918
7500
7573
316
2330
2449
7959
255
5951
3634
1793
9628
5063
627
9209
965
7320
7301
8002
8032
9125
1472
3561
8013
6947
6663
900
6185
782
4337
9640
2520
7887
8030
3560
5020
3344
5783
7602
9678
7102
459
3969
2331
8948
8885
5846
7830
6805
1109
8487
2038
1168
3339
8288
6715
2898
9853
6194
3405
5348
4944
4409
1324
700
997
7014
9601
2629
4027
4905
2719
1276
5077
78
1108
6047
6248
6643
9056
5146
2775
9866
933
2304
1767
1842
9668
4611
4842
7041
1407
207
6134
7561
9652
4168
1741
7927
3669
2776
2958
8244
8840
3209
7595
4640
7358
578
649
3602
5745
4891
9399
3670
6385
7583
9291
2438
1489
3357
8675
3859
6108
3963
8780
981
8022
3788
3400
6730
4745
2625
8421
3466
2604
8947
7459
6541
3714
1232
4869
2456
9938
5294
5650
3279
3480
7765
2157
7215
5888
7897
7916
5313
7640
7551
2201
9041
2459
6804
1701
8512
3940
9461
125
2910
822
8339
187
6541
3482
2513
3891
5602
5158
6911
7423
1688
2913
4741
795
1106
3731
4968
3732
5645
8041
312
2541
1124
5440
9247
3018
3672
7051
6627
727
8057
3318
9630
3546
8558
790
6033
4059
5498
7852
3132
1468
2542
719
127
9480
5597
2579
3135
2648
7604
208
5848
3201
159
6060
6648
9176
2177
4644
2137
8060
7882
2645
7211
6637
2645
2841
7636
3811
8228
7531
810
6648
403
7179
6806
8354
7981
766
7239
9688
8438
5063
7777
7269
9009
6973
5034
7682
2041
8140
3288
2279
5068
8033
3301
2301
5756
1083
2628
7963
1114
2561
597
7624
3822
3286
3591
9331
2198
8899
1763
8764
8325
1067
6519
1319
4945
4962
6315
1210
4763
28
4163
3259
1294
5983
4931
441
1873
1514
1743
9895
396
8723
8097
1010
3561
8856
9002
2481
5587
9050
1531
6588
9851
9694
7270
7533
9861
9753
1392
5920
5055
7731
8836
1895
4557
5870
8746
8228
3479
5404
8821
6314
7694
7187
5365
1720
8920
5
4179
8036
2784
2046
8038
5436
4992
5605
1401
7794
8872
8731
9955
290
5079
3645
2655
8215
7190
3730
6148
7434
3856
7483
1951
6268
3268
7409
1641
9023
7991
2626
7557
5480
1265
5847
2041
4305
3161
6312
9628
1837
1542
5521
740
9272
8022
5406
3609
4517
7882
7191
862
1188
1176
9912
6358
9359
6956
6968
675
8731
1701
6464
8788
7670
8439
5183
3037
3499
18
9157
7624
923
8481
6739
9211
1223
3135
6105
118
3902
684
7206
8250
64
3696
801
4332
2410
5362
3619
3609
4677
2154
6784
1245
2982
8635
3841
9726
530
4459
3158
5552
9706
8181
9821
1208
7657
2566
3518
4309
4632
452
742
1799
1149
4317
6362
1034
9344
4710
6965
6194
5221
3677
1835
506
8577
5904
4264
9780
8121
5214
6853
4254
7181
1445
5798
9423
8938
2446
1354
4538
7639
1082
2931
4765
2924
8565
7788
5196
8939
7926
8983
1557
8213
4235
5539
7032
7962
2053
3384
6598
4907
257
8706
1990
4888
5650
1943
8801
3635
2935
6030
5153
3649
5386
2209
6171
5881
3567
103
5101
2081
1518
2036
4581
9167
5723
4755
8177
8207
8739
1895
3972
4421
2461
8251
5687
3271
3388
6994
884
5677
4526
6023
1549
6878
418
6242
117
827
5090
7669
1127
1887
5060
7906
2839
8747
4399
3667
5603
8177
394
7492
84
5376
2180
8199
8389
7239
4492
9848
3073
7922
6775
3765
5094
498
9894
5613
2877
4999
1506
472
1858
5381
8667
7865
120
4446
8546
458
5430
7674
6123
402
4493
9809
5088
1459
5631
2234
5119
1278
1353
700
8300
9663
1984
725
3517
7584
4811
5173
476
4263
2838
8422
979
4916
8770
8957
4989
9480
7215
9049
1054
6336
2627
1707
4833
4592
4830
4833
7810
7148
3973
5490
7475
8998
1586
5234
8011
4737
5752
3437
857
2196
5250
4476
7662
5257
8555
7669
2898
6515
3900
2581
603
5305
8609
9681
6354
2143
4095
7477
1031
4860
4667
1434
8162
2689
7539
3439
6543
5492
4721
2850
7535
5705
138
2010
6997
9530
4273
1583
4318
9026
9985
5749
4785
9127
6161
8771
2390
8438
2533
7173
8057
9590
7999
8340
9552
4531
5582
8632
5021
4028
5157
7945
8652
5811
1577
3815
4513
7971
4577
2314
7641
768
710
4076
5876
3294
168
1200
3366
4544
2993
1073
2839
8121
8395
3067
6967
5613
21
9948
9164
870
683
5392
187
6720
9854
2211
9331
9822
7852
5110
344
916
1691
1940
7056
4233
2702
8373
3619
7393
2277
9991
1570
3537
4162
5061
7438
5542
5389
9153
9600
8553
586
8378
3010
2278
6349
5073
2509
1098
2462
5729
3862
3025
2384
2720
4481
2444
9550
498
4611
5012
4525
9613
7614
3795
149
7950
6867
2065
2686
823
2086
1793
9997
3032
3065
9548
600
175
2715
8028
3768
4359
6144
2913
1631
5555
8392
3553
1773
1272
8463
8551
7002
3605
839
5764
6782
8168
7073
4984
8120
5726
7618
9597
6252
2691
5320
2665
7721
3402
1988
8266
3058
8341
8104
2901
1181
1490
2763
5601
6201
3902
4538
9831
1160
5988