9166
6939
2816
8264
1910
4852
2984
2303
481
2610
9403
360
3889
3617
5588
5651
3690
9713
9744
493
9934
7599
8279
3027
5734
7085
6741
449
5947
5030
4559
2399
7372
7318
2427
5572
3729
8458
5321
1179
665
5216
5507
7154
2267
7343
5918
8892
8471
8953
9196
7236
2392
9496
9350
8600
5039
9053
2745
9177
3594
4702
4274
9292
7051
9247
1403
2527
2253
7787
7694
1128
338
5804
8254
7871
1154
8799
3505
2359
3913
9140
192
5109
2574
1739
4907
4540
6581
6618
9461
9417
1689
3145
9905
3519
892
9086
8611
164
9516
6185
2515
9287
3797
8817
6315
5855
7256
1903
7760
3997
7608
4893
7595
4960
9121
1947
5352
2112
2779
6022
1179
479
9984
960
5873
8709
5963
4655
6256
9789
1687
623
1800
3935
1789
5708
5365
1921
7605
1120
72
4358
9618
774
2647
7981
1991
4745
692
6506
1663
2862
7546
6714
2944
2742
2730
5347
3788
5768
6443
5257
8139
877
6994
798
4943
3195
6651
539
2336
6369
2620
4778
7267
7772
352
8934
6138
8397
3413
9148
8558
4337
9679
4035
7338
7831
2527
8100
3815
6297
3916
4190
6850
1737
1124
467
366
2554
2779
9485
6209
5235
1112
1637
3379
115
1794
1117
4182
3237
4727
4672
4303
3115
5900
7624
8097
1078
3759
5898
5614
9654
7301
7282
3773
2209
8550
634
9854
1052
7351
7703
8106
1943
2469
2335
5016
4634
1322
7124
707
5412
6266
4129
804
1122
9714
2777
3910
5749
8875
4001
7662
6711
4062
1273
8673
2426
2561
107
6388
9563
9957
1415
7652
7644
4337
1899
2587
1153
3859
9163
5211
1245
9142
3396
7391
6444
2599
2845
2147
138
5104
1014
579
2696
9072
3598
1187
2615
5141
8112
6061
8942
1851
6409
2827
2315
3024
5961
4714
5173
2674
7091
9108
7028
325
4641
1394
1587
7315
4868
2322
3014
1081
6073
741
6814
3514
4748
9766
6730
6651
5651
163
3424
32
6980
1207
1775
8279
2147
5348
4653
858
9215
6687
7280
1417
71
6073
8410
205
440
5047
1820
2040
9665
9483
9750
5505
8015
4244
1330
3068
533
2156
8635
2544
7345
5105
4875
3083
7753
9421
4703
3317
8710
2619
3026
5806
599
4829
1155
5262
7488
2158
2495
7347
8110
1213
6693
6184
9680
3167
3288
5783
6915
2944
3522
9325
1493
9807
4807
525
425
9375
1561
834
8988
2330
9728
254
9939
32
1339
4738
1128
9286
9794
4385
4009
2539
6901
8889
9773
726
3387
336
1758
8923
7319
6027
3385
4175
5841
3016
7535
4361
4445
6550
5123
8314
4412
8616
74
3267
6450
6357
6685
2935
99
2884
3762
4561
4587
2597
1712
790
7440
7904
2050
6212
6196
1578
5124
2700
9791
9256
6811
6294
9608
3466
1721
3043
4901
4164
3659
259
8609
361
755
8914
7601
955
3752
274
3902
9851
4267
3719
4840
2422
9488
1473
7878
4709
5224
4145
4628
9697
7644
3757
4904
4877
2846
3737
9075
874
3012
4235
6164
5574
55
8055
3387
8662
6043
9712
1362
7886
4135
5454
5690
3110
4172
7860
238
9503
8937
1962
7536
3426
1006
6877
3183
5261
6441
5970
1929
4479
2595
6465
5453
7490
7836
772
9539
8019
1542
8891
9635
5058
1376
8643
6729
7687
3802
2317
9897
8802
32
182
8448
9963
4309
2298
3728
4899
9518
6459
9585
8644
8741
3040
9916
2218
5259
7210
4655
4845
7454
8029
2991
8591
4983
3140
4680
3712
7526
3279
8186
5917
944
1050
2563
7334
3116
1775
8015
1889
5735
4742
4183
400
5367
8002
5260
4385
6164
3954
27
8076
928
8011
1326
4999
9808
1607
3538
3541
9390
2023
1751
2083
1320
3353
8388
2431
6283
8009
7508
1320
2502
9157
9199
6249
9195
3270
4618
4150
1946
6421
2151
6929
6293
1678
6523
9958
2419
3797
7948
4498
164
4802
1830
9400
5773
3751
132
4121
147
7465
1296
2768
1219
4726
3344
9761
9428
6537
1129
8942
7414
2992
2564
5005
3476
5729
6687
8983
6745
5975
2352
3346
8986
7281
5028
3420
6109
1705
3985
5618
5524
7731
5749
5856
6159
1426
8085
9571
1084
213
9552
6231
2284
6758
7121
979
2467
6751
8113
8127
5081
256
6141
5080
2758
8559
8833
8803
1045
9121
874
3799
9378
8917
258
5934
9612
2627
5412
3018
9446
9900
4756
3856
3760
1146
186
6041
3968
3086
6548
7442
2416
3260
8556
7171
1824
3470
9729
9134
7908
3591
7953
4201
2431
8341
7185
8437
7857
2237
93
6640
8918
6749
9327
6433
4781
3994
629
7269
8844
3365
2767
1284
5235
6907
6883
2876
9340
6680
7818
3609
5561
2722
3704
820
2230
8422
3501
2843
5512
6769
2788
5149
9334
338
6450
2421
8046
285
6726
5078
3183
6256
7973
4187
1217
1277
5644
1343
2387
1276
9492
43
7568
2666
8459
7640
2538
1226
8229
5391
3941
5803
1980
4894
112
9260
1767
1971
5034
8837
5433
8021
6029
3381
1144
2080
691
5581
3745
3887
8351
8407
4481
5176
6157
6546
3111
1738
9814
9561
3946
1658
5113
8006
5925
3780
3923
1340
2111
8722
6438
9246
1281
8812
7928
9691
8676
782
7095
1972
8111
4460
3113
8632
8155
3045
9728
3450
2695
7604
3689
8230
5864
6243
2429
274
3574
9931
2828
737
6743
4409
1011
3978
1562
5764
1383
4282
4443
675
3777
4382
1773
4693
8693
4802
2150
9800
8354
1848
7732
8212
8942
3148
6348
2498
3392
7594
4785
5768
2158
9183
8452
16
8514
4061
4796
7164
3298
6031
6223
7458
4835
1642
1202
6435
457
7229
7278
5740
2158
6427
1933
8416
1216
9197
5680
5353
4925
4117
126
7211
1344
6347
222
3081
7969
2377
4285
4601
5850
1803
4236
969
8220
3366
5007
5570
7522
6461
8679
9126
5240
8591
4664
2109
9272
5559
5760
2448
2994
2847
8374
6334
192
9572
5988
4959
4142
4141
1799
3724
3420
6633
5113
3154
5420
7857
5700
2904
5043
5034
8660
6691
1389
8931
9579
337
3100
2145
7689
6752
7845
852
2905
5714
3277
3528
4002
1568
9858
4473
583
602
8144
7121
2847
2012
8044
7124
6265
8859
2395
4778
4876
315
4139
14
6380
4558
6385
6500
1719
8558
8588
1488
6812
305
7249
9457
2028
3860
9996
2024
6407
4328
8914
276
8424
1674
7961
5466
16
7073
9796
10
7757
4259
4783
115
8372
7558
3161
8225
1279
2270
5285
3055
7877
1153
5735
4902
78
797
3611
1970
8638
2131
5219
5352
3282
2699
2316
7818
6546
1596
5517
252
5236
5350
9091
9302
150
5592
2847
3355
632
812
7900
8557
1707
1890
4019
3071
1018
5175
6510
4867
6811
3664
2056
7252
5785
3470
2982
9840
3780
2866
6799
8857
352
9130
296
6700
660
4226
9462
2977
3431
5636
228
1878
1210
5012
690
894
7566
4091
3281
6260
5462
1360
3057
634
1800
2
8792
1698
547
8625
9651
9158
4803
6894
5873
183
4999
3742
3207
4722
1775
3660
6854
3122
4763
8065
6453
3406
5016
4615
5561
865
2342
9555
5336
1574
4666
5524
6978
9386
9381
4285
2725
1973
3109
9641
1764
2154
9615
6308
8434
5073
5289
7968
6511
6835
3781
7962
5206
2523
7036
8932
5291
6036
6917
7433
408
7900
9230
9840
1755
958
7790
3854
636
2702
8279
561
1732
6962
1860
5755
5301
9111
1949
7194
7377
6636
3744
4026
2237
3291
7509
7742
447
2302
1584
2920
5919
3462
7862
1777
2459
938
8956
4298
391
836
4207
6189
2622
7550
6016
85
8857
254
7283
7158
6966
4238
4585
1632
2911
6039
3138
1654
5337
1046
9716
3820
2228
977
2125
3077
1426
3043
1097
8249
2272
9962
5954
9733
6490
3013
2464
8489
8267
8669
2822
6795
537
9157
3365
7884
7829
4988
3480
9222
628
996
6790
2169
1907
8953
5102
3853
1810
9767
4909
3428
9495
6034
3286
4798
2268
2881
9074
1045
685
8261
5512
9217
8552
1356
3832
3078
2535
119
1158
7976
5899
1448
2022
5185
247
7966
8963
6374
2892
9516
9415
4103
386
4171
9056
1180
4970
7331
7463
4573
5820
3348
9304
782
8857
5458
8245
12
3561
2175
7415
9618
9982
5793
6548
859
5118
4585
4550
5198
3432
8264
6746
2836
123
6898
6323
7153
872
3220
4458
4386
6659
1204
5523
5361
8932
1901
9048
3739
5958
1052
4371
1812
8448
1166
3891
2701
6855
1799
4009
6805
6618
8747
621
8919
6501
5699
9611
1913
4433
3065
2007
6383
1827
6390
7390
7854
7206
6142
255
1495
1364
5146
3187
3249
3895
3429
2900
2151
6416
198
1710
7473
5321
8982
6643
6067
8074
1357
7490
5788
7657
755
7779
8149
4732
9591
8196
622
236
2916
590
7508
7073
8098
9180
3620
7395
5186
678
2787
7029
8196
257
302
2800
6982
3513
59
6981
2523
5335
1555
4553
2719
7777
7237
6955
5633
6531
6017
4023
5455
7894
1499
9293
3296
2482
1434
3444
7001
2541
4081
5895
5089
6478
3880
6449
2
1528
3036
8349
7381
8617
3676
3727
3310
9760
9858
5446
1102
4445
7610
4992
9007
648
2849
3013
6237
994
5275
7559
3521
6958
3437
3639
1804
2855
1533
2910
4197
1342
8472
2623
9285
7624
9684
9319
4803
2075
3294
5619
6791
7625
7126
2957
975
9638
9287
1960
329
5207
2939
9880
6544
33
745
8269
2973
8168
6834
3496
8216
5864
7695
9898
3513
2680
420
5693
919
3377
7725
5109
3933
3873
5867
7654
1740
1046
9798
3689
7903
8195
7267
5261
8008
775
2893
2291
4521
3827
8246
3513
9160
9960
5777
4258
9495
330
2137
8039
6078
3267
7879
4917
6570
9411
8820
5395
9590
5396
3091
1916
1517
7368
6074
5560
9240
8241
4003
3113
4155
1702
9706
6371
9387
6176
4119
1536
7982
6065
9819
4296
7442
7363
7532
7183
8271
5058
6716
8902
8919
7552
6759
1843
7891
7994
4276
8211
5319
1338
7269
5778
9117
6117
1897
4533
6474
9933
7555
2685
3537
8396
4330
6733
8487
5469
7421
2842
4646
6513
8291
6509
9554
663
7188
2779
5644
764
6235
29
1683
1402
5081
1390
4872
3767
228
7269
8365
5895
8503
8441
7007
1089
6729
2427
4637
8495
269
633
388
9466
543
4690
3913
8709
625
2493
1612
2599
1121
15
1365
4158
7766
5510
854
6885
321
7549
2803
8962
1782
2401
6285
32
4861
3966
2326
6035
3232
8575
797
7340
3742
20
9649
3460
3768
9052
37
1844
4179
9418
3500
518
8705
6046
4685
5550
9126
4593
3887
6654
6798
6716
5008
6550
2177
2559
6933
1286
1231
9690
6153
8833
8606
7772
1346
4159
8834
4906
1022
8073
9985
6917
2707
2500
5462
8532
7609
9976
2051
3227
4644
2532
9962
5937
9556
3688
1187
6130
8294
9589
5150
3224
4755
1250
7776
3131
5928
600
9222
1476
3029
2168
969
9553
5716
4183
505
101
3383
8692
5547
3964
6945
2937
7920
4823
2772
1737
8319
8555
8051
4584
3999
5651
4053
3959
709
3428
4198
1546
545
796
5838
4641
7567
9652
7702
9649
8232
7736
8282
1064
855
2784
2294
1786
4450
8780
2549
5242
6919
5215
6274
6712
1410
7066
2136
6391
2320
2714
9292
5723
1676
1108
2153
8976
446
6605
6253
5386
5860
6607
4889
5832
1488
4200
2146
6023
386
1872
7144
1068
1701
4119
6213
9578
9634
9409
9411
8954
9509
3615
8803
5222
8436
1264
6751
1942
3517
1345
1026
1024
4904
7340
6457
4422
1978
1785
5745
5894
383
9227
7356
830
229
5751
768
4078
8062
9849
5628
4017
8309
216
1900
8378
676
2649
6161
9785
9356
3110
5245
7020
9551
1584
4542
5987
3762
6285
1750
9251
6797
7481
1381
5726
4811
2974
7726
9745
7846
947
1674
1771
2829
3661
7999
6142
2781
1558
9819
8734
5911
3738
9741
3074
5759
991
7787
630
233
1931
6320
8200
7896
7048
5612
7285
3073
482
8779
2926
6073
9635