3909
7495
2646
1138
7933
5325
8512
983
5364
2584
4212
3443
1979
9040
2870
1495
9992
6533
2333
5967
7455
1179
8444
3612
8049
9652
5016
2600
8276
9330
4497
6757
9810
140
624
2378
5940
2459
68
8611
5956
7347
9831
3199
285
8472
2958
6200
818
4223
5178
6542
1744
3944
4565
8448
299
8709
9701
4587
3064
8521
2010
7229
5699
2232
7424
28
5009
589
5731
4850
5703
8687
7908
6809
7930
2670
6756
871
5960
7861
4997
1917
4755
8867
2992
1736
3539
1588
6682
9234
5234
796
3276
9451
7502
2190
9112
9446
1932
8419
8587
727
2535
2788
7705
4710
3822
7178
1577
9926
5424
1371
5070
1500
8056
8514
5329
3793
9178
4846
4179
4170
9719
7615
5372
8444
8436
5876
8587
7799
5411
4772
2452
6260
9138
629
6642
8013
4070
3055
1652
829
8275
6637
9301
5435
511
2894
9894
6604
1776
7849
8593
3845
792
8467
17
9848
508
4103
8820
6658
3845
5153
5502
7459
2657
4831
2822
9621
4061
9227
8366
2157
7462
8568
3349
234
312
5062
7108
7512
2514
6319
5713
5061
1883
8119
1971
5422
1395
1586
5582
4828
5757
2245
6039
7643
568
4974
8878
1510
4374
5317
3443
5379
406
9082
1049
1792
9684
9728
4179
7440
6302
6038
1265
8024
4173
3621
1343
7006
2464
5794
6982
8453
679
9779
3741
6321
1384
5992
357
7179
4668
6545
1254
622
6717
7839
9106
2360
2933
8342
1060
4397
6109
6063
2447
4696
2097
5764
6193
4849
2420
7530
5880
5121
6429
6672
3509
2465
1272
7987
7372
7865
4420
275
575
5131
6612
7134
8
1089
8423
8449
8319
226
1724
7387
5337
7401
8665
3977
3219
3508
1214
2424
9314
5994
8773
4163
2826
4676
9878
8620
4409
6124
676
9141
9250
9971
1354
1166
6163
5552
2778
7125
1408
6090
2339
187
1246
8566
9735
5923
3919
9086
9288
9624
6184
7948
8332
841
414
6010
8407
4923
3193
4102
8253
5761
1288
2281
5951
9469
3269
4438
7063
1892
1487
7819
1706
2762
8254
4237
8798
6190
5132
2325
7896
4900
4810
9251
5779
1944
718
1171
5499
4169
4751
9168
4255
3657
4770
7880
3364
6978
5222
2657
4736
9619
7983
5722
9976
997
8807
4829
6283
767
7569
1643
2688
9253
5877
6503
661
6737
8707
3234
9922
4078
4431
3887
1718
632
7252
1238
1358
3798
2127
3996
7337
4643
3536
3260
8354
3288
988
7837
4316
4325
7953
5684
4735
4656
6983
65
5153
8324
8220
7394
5185
7265
5606
9907
6275
5362
8999
4268
1478
8164
7973
693
9940
9928
3060
3852
3048
5477
3237
9636
5888
2205
1345
3950
886
4004
3993
5921
8140
7063
1291
3364
7578
247
2486
5620
4806
7966
9665
6625
4224
6137
3615
5937
6401
7237
3656
1970
6249
327
6783
7253
756
7909
5979
3297
8889
2539
2996
260
9906
4742
5784
687
8680
3572
6478
2471
6777
8574
7135
6590
5207
5112
4553
3306
3996
3585
7508
2280
4388
7732
2200
3450
3498
5202
7011
97
6082
9805
7571
5875
4112
4773
905
7647
276
2067
7523
335
9561
3991
4141
6419
7184
7988
5951
3996
7232
9873
3949
1402
1349
8809
5648
5622
9055
5401
1795
3130
2809
4669
307
5004
8079
8028
270
9203
4551
3466
8538
6720
1596
1835
1439
6382
830
2020
2702
672
7528
1877
4613
7061
2181
6334
2538
2235
8368
1960
8824
7981
4705
3054
9836
411
8161
4458
5786
225
6657
5548
6061
9598
5881
2974
612
1476
3502
1928
3886
5972
9580
281
6121
1409
2913
3466
8826
4533
55
5840
8277
1275
4543
630
5983
6493
260
469
3985
1617
8561
3884
4002
3328
7719
8848
3022
983
1384
8321
8902
5373
9354
5338
1874
3369
6857
334
5668
3569
1186
1944
5693
5499
2262
7667
4237
961
717
6528
2063
7209
293
675
863
6860
2158
1961
2534
2591
2626
9674
1821
8560
3308
416
2805
7839
9108
1481
2027
8561
3299
9589
722
1375
8769
8210
4543
136
9457
6205
4143
6843
5587
819
1033
4777
3125
6142
3446
8008
3493
1007
6772
4520
4144
2714
1040
6361
525
1545
6888
1674
8753
5505
4886
2360
4535
8998
7371
2395
6012
7367
1435
9092
4938
8298
8048
6519
5238
2114
8253
4209
8390
3987
742
9212
5544
2239
5398
4106
471
9179
9173
8616
8695
3001
9001
7089
198
8449
1228
9770
4985
4459
6520
902
6166
7179
5593
6436
3308
7501
6682
9923
195
9029
2635
2221
2425
1101
7703
8719
7584
8067
5927
1313
7675
4260
809
5090
7943
7878
3004
8008
7467
3717
4205
5371
9689
9641
3669
6267
5484
4474
7153
5268
2370
9563
8902
4252
1791
216
1451
8194
9762
4295
2562
2665
5920
5885
6025
6341
5874
9354
4285
920
9688
8335
881
4732
9223
4013
6448
8166
8614
951
5152
5260
2798
9263
2801
2354
9994
6467
3644
2955
3231
7874
6264
4094
545
8065
9634
9638
1511
2657
8153
6350
2989
6245
8986
491
7391
7689
9820
2995
681
2825
9183
6557
4690
2422
9298
9309
6432
3323
7970
1971
1539
5238
5328
4400
6516
3744
2413
2866
1377
2033
9013
1197
9078
9227
3532
7635
3193
2409
7755
9750
2113
9131
6806
8469
325
6965
4385
8230
1343
9680
101
510
855
9926
5899
3876
175
7986
8579
3605
2168
2145
2985
31
6860
59
9871
1663
1328
2844
3325
1519
2954
1098
4009
7838
4485
8463
3417
6822
7191
9932
2821
6792
1245
6739
2404
6156
2253
2503
9047
5107
2722
9453
2706
4882
8336
9887
7106
4807
6243
1849
1624
6963
8661
4893
1713
1415
6020
2779
1846
9872
2059
1540
295
9444
249
396
8765
590
9476
9477
7892
1186
3099
5837
7417
5875
5819
1745
6569
4120
6251
8177
630
1757
5760
6160
6216
1824
5769
1820
9421
2650
8427
3004
821
2937
7556
6687
1461
667
2646
458
5132
9495
6031
8305
5527
9475
961
9014
4103
5352
5955
8613
7170
3253
972
5362
4793
1398
2896
3855
1994
2515
5309
2061
8019
4584
5832
1415
2715
1206
1001
4946
8615
1819
6385
2732
4573
2602
2667
5763
9495
3735
1379
1716
6133
5503
1971
1173
4709
1025
1491
3606
2123
216
7612
649
5146
1424
5406
114
7308
2376
7784
1651
1345
4904
5317
6205
941
7778
5502
4512
7328
5424
669
3163
4410
4201
6093
5345
5913
4453
3310
1338
4418
6309
9320
776
7113
4896
5075
9934
8781
3693
9344
8941
7516
5560
4586
9211
5429
6344
1245
5725
6441
571
7282
1650
3036
320
9207
9610
8093
716
6112
9703
3261
1903
4921
7962
3895
4697
9268
6389
6943
8835
6821
2058
6629
5566
2977
2021
5545
1788
2871
3119
7678
4894
5317
8983
5280
5449
7197
3927
4808
6794
1492
4592
7992
3169
7451
5240
8429
7571
6146
5192
4593
7019
642
1195
3447
3910
6545
4344
6226
8479
3062
5569
3614
6921
6226
4413
7577
7170
7689
9634
113
5538
9638
8867
6859
865
3280
4164
9784
9721
4822
1142
3944
3046
7772
6956
2713
3764
6480
5072
9559
7399
3538
68
3382
9490
978
8232
1908
5163
648
8495
4874
5257
1932
4377
7638
3404
9034
9139
3874
868
419
2544
2637
7912
7869
2875
3884
9767
7156
4063
7131
8087
4175
2214
1051
7568
6709
9661
6339
6305
421
9627
6167
240
4593
536
8789
5298
1097
6511
4716
7317
7527
5606
9540
9860
1763
6150
1764
9287
4292
2545
4536
6130
5685
5177
6160
6804
14
2034
2978
5376
6750
7508
7816
132
2369
3221
4672
9756
5748
4548
8501
8547
8699
8172
5294
7786
5015
1813
5436
6501
1492
3901
4076
57
3589
8048
4701
6034
1469
5556
9146
2498
2156
26
767
8299
8955
8609
2442
7514
9693
8732
1483
4040
108
1528
298
6479
8162
2278
451
1875
8396
2411
8674
2526
5619
8527
9900
8481
4905
6654
3830
5078
7214
8474
293
2680
73
3669
3988
8564
9147
6244
3996
5216
3226
628
5196
5171
1351
2656
829
6665
1510
4315
2783
9355
9193
6913
7734
5361
3857
8998
6261
6356
9744
9743
2455
8320
9380
2570
4875
7039
8236
8353
4813
8681
764
9675
2980
6602
2390
2712
2933
4536
6167
6587
3873
4927
4657
3770
958
7716
9731
6584
5559
3522
3572
1459
6271
5052
2602
8911
373
9278
4046
1083
1201
4339
2580
3943
1308
1858
9846
1141
1060
4175
3987
7863
6899
9437
3908
3400
3968
5908
3395
559
7441
3831
4564
9580
2617
3851
7230
5348
1228
4426
1164
719
4518
1855
9208
4805
1176
1853
2232
802
3384
9536
7279
4616
8920
1641
340
7413
9774
3193
1539
857
415
9080
2356
7174
4585
1175
8090
3944
3424
408
645
8135
7902
451
8864
7030
9671
5526
2477
9603
7
6495
3921
1420
6749
5496
4776
2119
1873
1557
8079
789
7665
5157
5053
961
2230
4825
2752
6480
8646
8703
7167
6798
2743
2253
5767
8820
3076
7644
192
2675
149
7375
1040
3407
9375
3629
6510
1108
6833
9698
2586
3521
9028
930
8568
7478
617
7316
6055
3341
588
7540
7459
2720
7776
1342
2301
3424
9740
9620
3189
9038
7542
1378
2336
3981
4428
6724
9714
4006
680
3197
7183
9426
2199
2126
8147
5716
5586
7343
3174
392
7539
8281
7455
6348
333
138
5145
8050
7010
227
3573
6048
4854
5175
6632
5823
7218
1234
6293
3014
9825
7929
5707
5633
2965
7786
3701
7348
9393
9372
5214
3259
9641
6679
8125
9223
1540
4576
4950
7009
600
2220
3012
1682
8616
6055
3650
9870
3887
7035
4189
5773
3830
6946
428
1574
3302
845
1519
8643
8628
5417
9315
7249
6757
1884
485
1442
845
5041
1809
3938
3418
743
5107
9937
2602
7912
9952
1507
2831
6837
1398
292
7389
954
6671
5149
2944
7777
7199
8820
3705
8817
6682
7401
1632
805
2789
6227
6450
3757
6288
2065
1222
7508
2764
4869
4159
7933
7415
2198
8628
1895
137
6188
3229
512
1941
8153
9659
5318
7332
8381
961
5380
960
7315
2710
1995
2237
1643
5692
8620
1691
8345
4494
5788
1465
1359
237
609
3025
7664
1789
7704
7502
7235
3018
1907
2776
6585
7890
5400
9606
7699
1155
9615
8614
6029
4090
8594
821
8487
2995
6335
4963
7391
8519
779
1561
9229
6484
709
7715
1517
8252
2370
3996
9508
7875
3760
8839
378
966
6804
6075
1384
1799
6286
614
295
2816
1094
1386
4407
743
9023
9917
4450
1342
1083
3818
5734
6393
94
8105
4194
3506
5425
8519
691
7287
2329
8976
854
7258
7738
312
5461
5962
1346
2376
7257
6245
3209
8552
6602
308
1444
428
7713
9921
7338
5265
3610
5672
5016
416
6402
5839
3725
1222
3539
4679
1334
9209
6668
8765
1559
5871
1334
8785
8140
8590
5777
5196
4435
3129
4212
6342
3696
1977
582
6647
7153
9541
1584
7508
2570
781
9519
5134
1559
3234
3582
7280
5478
7960
867
4972
9778
945
1723
1564
5582
6492
3034
1945
7147
3283
1464
8498
1378
5922
1722
8853
7160
6323
602
6997
9114
3107
6313
4094
5229
3974
8725
1430
1288
5983
1037
2377
3744
6737
4294
1829
4386
7462
2335
3321
9856
1432
2311
9002
3727
5309
5340
8951
4389
5266
2611
7029
7980
4492
7279
6563
2819
6608
4788
7820
1008
9352
4372
5636
9996
3734
5965
5018
5286
5531
9731
1813
7295
9189
7381
348
7151
4646
5336
1629
2147
1850
6172
5163
4120
2710
4341
8300
571
4701
9839
7466
6010
1910
2520
1541
7403
3918
3690
8643
5218
7932
4890
5777
3819
2324
5785
2334
3759
2690
5152
4618
1558
507
8188
7850
5727
4435
8402
7131
1016
3615
5371
166
5183
9050
9084
7666
1024
5718
1792
3798
1914
5761
5949
7184
2290
1108
5809
3340
9701
6038
3954
796
4705
5023
5024
6706
3721
4514
3347
7208
877
2958
2354
4770
5799
738
7755
9349
9288
6736
805
1073
9368
6336
3599
5155
9229
1561
89
3457
9585
7660
5164
5886
8333
6507
9419
6699
5414
8702
6667
3924
4525
9540
9847
1310
7632
577
5944
1961
279
6249
138
6137
1116
4020
4242
2023
2319
5861
9491
7872
887
8671
3314
4529
1387
7867
4368
4690
1760
8812
2566
4412
67
5868
3401
6132
587
9868
5544
3947
2517
8457
1242
2974
4371
2042
3327
5122
9631
2855
3629
3003
9267
8733
8256
5057
2893
4941
7552
5108
2277
6466
3944
7178
5273
5175
8986
933
3398
1532
8767
9950
7307
6907
7509
9326
7486
5926
9068
7893
110
1011
2025
6932
683
8385
2610
621
1120
4928
4493
140
3183
819
593
685
6056
1901
6481
1280
7575
3253
5867
1570
90
5423
2226
5101
2264
6371
8725
2099
4192
1639
9899
8304
6923
6492
2811
3599
1798
6649
6441
5138
4322
3211
7436
5172
3651
3573
9951
1942
6913
8806
2438
1398
2051
1195
7873
9153
7580
1589
8085
5379
8187
3168
2556
5559
1054
9101
9220
4381
7046
4757
6777
8836
116
2552
9433
7441
9967
1189
3715
3339
9387
7451
3907
5179
2682
7654
3215
6838
7554
215
8466
6233
1624
6131
2113
7296
72
6923
3006
6157
8947
4574
6794
5149
8448
4915
6267
5474
9588
5775
4186
2172
3872
6991
2112
2857
4756
1991
5924
2416
8408
3574
1486
3469
6507
8218
8150
8395
3262
9336
9610
8036
6337
1417
9402
2041
50
6604
8262
4025
349
9198
5780
8348
7840
6207
2556
8523
2922
6183
2596
3213
9041
6886
7613
1546
8676
4144
7258
1522
3166
9465
3474
668
1071
3797
4951
9179
3103
7163
7175
4098
1445
9499
2236
818
6405
2165
9013
7307
5738
7210
1117
1402
2206
1508
1668
9098
2654
5350
8516
7051
138
7247
1477
8611
3660
5314
4613
6864
4750
9631
1696
8585
988
9675
7127
1989
9870
211
5371
8382
216
2194
5953
3631
888
4158
4833
9293
9148
7906
854
2933
6458
8420
3909
9584
6118
4758
1044
687
5580
3350
753
6398
4249
4544
3963
8809
7123
1043
2562
9093
6993
6150
3413
4334
4310
1520
8232
9582
4998
947
6814
945
8145
8666
458
1820
1738
6475
4754
65
8076
9377
8937
8816
1358
5375
1783
3536
5574
993
6289
649
5355
8457
6457
3969
6053
1329
1141
775
4246
3901
9590
8889
2269
8067
2481
5448
3721
7729
8122
6748
1257
5850
3804
104
2365
4023
8284
8868
5213
6824
2014
5052
9259
8734
8638
9037
9566
8256
7498
4211
4918
6847
1626
5383
1366
4016
2267
4043
8448
1649
9890
6589
3422
1248
9261
6486
5700
9320
6193
7928
2756
8105
2127
3566
5380
7468
4772
9749
7600
8490
7902
8109
8212
4435
7735
724
896
4636
7763
3678
5897
3956
641
9781
565
1318
5390
65
4821
451
8664
9627
4337
3079
4944
7658
3464
8941
5290
4545
5640
4925
5601
5721
280
6783
1822
9459
6572
5474
826
8951
8587
4352
125
6850
6716
3056
9061
1947
873
2783
6557
5830
7066
649
1112
6098
8396
1119
5985
6883
7964
9608
3215
3439
6290
5854
602
5701
3938
814
5870
7805
6607
3845
5678
5289
4437
6042
3532
5888
7960
2753
3510
8454
6545
9255
7614
3435
2763
967
8207
6921
14
3743
121
713
3733
20
3612
9878
9327
5318
2299
8728
3196
9074
6924
6314
914
6698
8350
4352
8839
9277
3338
7637
7431
38
591
1893
5658
760
2943
3065
273
2844
6303
4734
9789
8239
236
8051
1916
5560
881
2187
9601
2123
2325
3278
3591
7616
4853
6518
2876
7224
213
7170
1672
7074
9256
9632
3106
1764
895
3249
6203
7495
6046
9951
4150
5875
568
8499
426
2413
5652
4702
4399
5891
7833
139
8907
8937
6325
6985
948
9834
5351
6744
6809
5525
7071
3739
7348
7680
488
2523
4776
7221
6366
7801
1833
6831
93
2676
8953
9359
7546
1505
8366
7944
2407
4950
8476
5155
4312
9748
6068
1255
1520
9361
2293
7590
7688
585
1715
6455
8767
6861
6768
7051
9294
8839
1538
371
7887
8884
8643
8961
609
9049
6234
6600
6371
7513
1065
1748
6398
6093
5269
9037
9075
8020
6076
5215
246
3087
9333
3134
7530
9926
5774
9039
8975
7602
4203
4449
7623
5784
1960
6207
1964
7083
4965
1972
424
8674
8332
8415
4987
6334
6114
3317
680
1362
1607
5152
6916
1432
4199
3846
5717
9366
7009
4294
2594
7348
8879
1661
3380
8714
799
8495
1508
703
4515
1520
5819
3465
4151
3778
3526
9954
3609
1490
976
8167
7819
9146
6596
4533
8501
5081
8069
512
2652
1878
5511
4490
3235
8720
4477
1551
866
6230
4094
8972
1547
6290
3828
8510
9466
6025
1756
9401
2875
9296
4367
5970
2430
1805
2013
2843
8722
2001
2945
2885
294
9448
586
4546
9655
77
7420
9712
5723
5907
9363
5797
2486
840
5133
2232
3526
3172
6205
6486
9090
7256
282
2493
6423
1687
1362
2198
5920
6040
9567
6838
8582
509
4916
577
1185
4827
4058
861
9916
1918
5414
9216
3755
5420
1920
3428
8839
5684
1451
6219
5657
662
6819
4948
7019
1203
7360
7848
9762
3418
9715
4988
3500
7658
2047
1076
6700
4084
2444
3996
7207
3732
8497
888
2061
7742
4293
1055
3360
2432
640
3393
832
5091
1459
4968
5724
913
3867
9755
4387
2918
7478
2913
5386
5136
1607
1509
2300
6021
9194
5853
7305
7843
3110
8210
1863
5228
3618
1323
3995
1617
9525
5554
5889
7767
1412
4744
2197
2461
2717
1046
1814
3165
9192
4927
8348
5630
3037
3693
9991
9764
8303
228
5278
8548
4175
1589
6041
5080
8937
1564
9083
5099
9713
8147
3116
6352
4165
3412
5547
171
2313
532
9466
7824
4352
4186
6392
1269
6088
347
1190
7931
8604
8765
1506
8512
8425
4334
8866
3354
103
5600
2607
8697
6393
7896
3150
9904
5476
7979
8367
5007
187
5089
9173
7865
6580
3166
806
3324
6094
5859
6584
2693
7099
7050
8130