1011
3625
1899
3605
2087
4206
8273
1950
633
6507
4890
5202
2500
7460
9906
8085
9405
3803
7689
9404
8177
660
3800
4705
1495
8986
7886
80
9961
1723
9295
3644
4998
1907
9675
7307
1424
3728
129
9916
912
7491
6869
5907
1028
2289
6964
8381
6753
1134
5915
9073
6915
5126
2918
5076
4999
9875
8661
3355
3249
6140
3956
407
30
5729
7221
4968
650
8593
7047
596
5869
4099
1144
2969
3620
2455
46
5945
9956
8823
1033
1301
1260
3432
8940
9914
6039
7356
1435
8248
484
6199
9408
5394
475
5200
1186
6077
3879
4260
8464
7723
2518
4513
8602
2664
5563
5234
8054
9664
6678
604
3325
2762
584
312
7625
1984
3177
2435
5074
5891
8813
859
7114
8240
4311
7841
1315
7075
482
9116
871
1790
1530
6393
3857
3580
780
6427
9008
2639
4381
475
7166
5858
6543
258
7291
155
4806
3684
6797
6028
3011
1809
8547
9643
6344
7537
7914
440
7270
2769
3150
9758
9920
9070
3180
4754
4234
5765
4892
5046
9686
3061
6712
2301
2473
8591
4715
6852
3357
2072
5840
6809
3027
1702
1728
5056
3720
1960
1707
2840
4785
3377
8604
4816
5027
8770
3510
1632
2847
70
7946
6274
3062
1615
8552
551
5261
6261
313
9971
2488
4434
4250
5360
9949
7006
5931
578
8719
327
5040
2491
2849
8566
5763
8461
9510
6486
1342
1356
8414
6883
6872
2081
4123
5413
4727
9740
738
820
95
8545
235
2986
6480
8873
9179
3782
8231
5004
4877
1123
8732
8822
4898
9966
8797
3233
9086
717
5231
9844
6543
5713
2539
6174
9077
8986
5216
4308
8754
6709
2024
8989
7758
6381
2228
6481
5856
927
6945
2711
228
916
5082
7991
8260
4323
4882
8555
4257
4329
7764
8094
6600
5026
6687
2932
3682
6682
667
5338
279
1900
370
3368
7916
6901
3285
2807
7498
2673
3097
1433
4469
8082
6749
7975
7257
7068
9559
3959
6959
2882
1637
4207
6386
4007
8340
6013
9384
4209
46
7378
8811
3397
6512
7182
9734
9497
2320
2170
1202
3885
4766
1570
873
9498
8305
9526
2914
9990
601
1541
9566
9947
3996
3646
9044
5947
2686
7311
7851
5787
5258
8795
5363
5202
6584
4327
4863
6891
2117
7626
9906
9667
4528
1348
4420
5687
3498
6941
4874
2171
2864
7772
1835
4161
30
5294
9426
2375
6536
2078
1349
9430
3987
9349
6738
1759
8054
1367
6447
3312
7525
2464
8722
8611
8223
3277
8209
2569
3183
9931
2987
2816
9674
1657
9549
6484
9818
6867
8506
9015
1530
7382
4013
4360
7661
6616
3236
6184
6013
3265
8357
1237
2700
8605
1110
6339
808
8938
1813
1894
6422
852
3212
8773
8313
3221
4245
2606
2367
8401
5767
6690
9880
9376
1887
3068
8369
3299
5941
2074
5293
5337
3551
1432
509
9260
8454
8594
7272
9698
8428
8292
6159
3909
9015
1100
4757
4903
8257
6041
9196
3791
4911
9930
5361
137
511
5486
6552
972
2863
6571
1671
8490
2326
1298
4911
5590
7531
6805
5934
6528
299
4330
6275
5790
1741
1767
4852
9317
3566
7364
2369
6690
7334
2120
9697
9738
4623
9549
1238
61
4651
3928
1503
6199
8736
4837
6445
8214
5988
6854
2885
9169
7634
9288
2342
1011
3135
9676
5650
8208
5423
3148
3671
2882
1391
2794
3710
7870
1561
5340
4094
4901
4061
6101
9196
3765
2986
6685
2612
620
668
665
1320
6853
2424
3992
3138
4875
2230
9193
5744
4316
4217
1229
9872
5067
1623
2339
2439
3935
6510
2743
4775
6689
9539
8743
3513
7137
9162
6749
5011
7553
6081
9582
6851
4950
5823
9142
2029
6905
894
1737
5371
5538
9138
225
8567
6530
4926
2245
2971
3248
3393
8820
6102
4679
8763
1686
7224
2385
2598
1860
7563
4718
4087
766
1831
5938
8613
4631
9741
9930
6130
8504
3559
1732
6012
3683
4147
9147
6889
9344
4955
9400
3496
7583
9056
9
5113
5515
8875
9447
818
4882
6809
2349
6483
2104
9742
1133
2847
9509
7110
5475
5520
9581
4666
5665
3024
4184
1969
1392
7255
9108
5622
7832
5104
518
8440
8087
6342
9390
5081
5044
9541
607
7761
7087
5513
6570
3721
2555
6215
2839
5894
6197
9889
4952
584
254
4215
5905
9003
5320
1608
2783
8969
1518
5406
5906
2924
1731
3430
3323
9801
8927
2571
4933
3965
2645
8167
7970
4097
295
5858
7147
9441
9353
5677
5709
9026
3193
2003
9027
2108
6437
3272
4915
2451
7558
7665
5881
252
8037
8618
1852
6662
7858
3049
2243
5519
8928
4082
2535
7757
9424
3337
4762
9865
1907
8303
5811
7178
3969
6994
2211
6299
1324
6271
6890
7464
1523
8333
5383
9610
5978
2978
7541
1937
2442
2629
5977
3351
6698
4067
3088
981
8917
2368
597
3439
4289
1819
7686
9579
4054
7723
4519
740
6550
7958
3142
475
105
574
1298
3600
9838
7259
3662
4329
5485
8209
4139
4634
7848
8325
8514
7449
6247
7907
1936
8697
2502
1768
6717
5213
5471
2951
6083
2663
4570
5721
6191
3272
3404
7546
6313
2347
1942
857
9551
53
8138
2733
6748
9093
8145
3588
4802
1205
3814
9915
6682
7311
5190
5032
2774
9154
8387
9483
2551
7209
7705
7177
9629
5301
65
5332
8626
8057
1261
5038
9581
4788
1128
483
2607
9565
5855
4508
7898
6443
454
2608
1384
3438
8385
3762
5423
6052
8711
794
7072
8014
1245
6226
2751
4414
4764
3253
5732
6037
9865
7032
7191
2400
6623
9232
9638
277
9116
6871
7086
8289
4553
3178
1851
597
9448
6644
5864
7064
733
5884
9939
3492
8675
5863
1137
4563
7235
103
9560
8362
4439
2689
463
4868
9767
220
1271
455
5626
5760
5746
8546
3237
2453
6948
5171
848
6715
1219
9073
4609
1298
3847
7062
1474
4394
1208
7942
8141
9842
8033
1559
4510
1406
3474
7642
1226
4868
1386
6944
5787
3332
4263
2230
978
3938
3388
4368
8813
332
3760
5126
6689
5324
2702
2773
921
6214
2134
4527
5665
2936
2112
7722
1915
7221
9032
9380
8429
8903
2972
8662
7697
5659
2866
2205
6840
7204
6056
7221
9655
2127
6661
8281
1145
6090
900
5171
712
2764
5242
115
7913
5899
9367
642
4566
5747
4062
550
6679
9379
339
3981
9934
5886
4661
6222
1289
431
6301
8995
2736
7179
8045
3840
8554
7710
6831
5222
1932
7577
4797
7956
8458
1114
8466
1606
6522
4527
6248
3985
942
2963
3700
4543
621
1315
334
3879
7627
72
4386
619
9569
7041
5714
1663
247
2637
7172
4501
2981
4635
5234
8272
2011
2733
6402
9847
3377
6690
2350
5300
1156
333
7799
6239
7711
3580
4743
9359
1959
1649
5677
857
7747
5047
6792
5177
7655
4318
1861
7665
6015
2924
4673
8379
7803
373
7326
7793
347
6526
553
6257
8389
7592
9277
3642
3028
7229
5369
7369
6131
2768
4426
7207
6613
6689
4688
6904
3526
7239
5246
5340
7090
1766
5189
7338
2747
7244
292
376
4107
1250
2195
7006
1411
9746
9351
8539
7945
9334
2079
8690
5426
8903
3940
7388
9075
2738
3173
1398
800
3023
2915
9675
6426
9664
2518
5282
8019
4569
4698
1420
1396
5749
3315
4351
4921
1452
5856
7481
8829
1613
6397
7655
116
2128
5687
1899
3911
6288
4271
2281
4397
3769
9249
1381
7431
1330
496
8250
2168
8767
674
3301
2829
6965
5504
5452
4908
1734
2990
2474
7118
3991
599
3224
1353
7139
9810
9607
9890
20
519
2421
7612
3791
539
8777
6239
5914
3944
4608
5651
7511
1411
8535
1757
195
3230
402
5468
4757
2616
5637
6283
2455
3498
5634
2399
9860
1992
5896
3802
6188
3236
4017
1239
2033
6895
2275
8023
3314
5861
2106
9804
8112
8347
952
8875
2913
9240
3543
4426
2914
8843
7138
7840
677
3064
6014
5298
3375
2051
7996
8472
9757
7764
6294
9937
8430
9944
9214
2845
6046
1700
2229
3389
7746
3932
5891
4914
8382
3740
9405
9639
4695
4886
6128
8035
8215
6026
2355
4554
924
1534
6345
9168
4763
2055
6268
2598
4081
7362
6432
989
9823
7287
6824
8436
1870
2746
4094
3051
9341
4001
63
6155
5335
1464
1438
5979
3182
5352
265
483
2242
7319
8993
8393
6470
7285
7808
9671
1397
6157
950
6050
4797
9250
9440
6411
374
5683
627
3247
2215
8790
3814
4247
236
2477
4581
7365
3670
8382
3347
7303
1342
6618
2361
1592
1982
7538
158
4339
7995
8585
6700
5297
3959
1053
8614
2910
2826
8107
1500
1036
6024
2599
5762
7702
750
1440
7382
5620
8131
1488
8277
4142
4401
4935
8629
4067
1281
1811
3996
6634
8988
8874
9408
3811
6852
60
5707
3377
6040
1229
2578
4335
3941
4102
4784
7060
8244
4360
4104
9801
8087
2650
3442
8396
7364
524
356
7789
1451
8094
2041
75
6544
9024
9845
6989
3969
3330
4864
9258
8156
2916
9058
9924
8191
2885
1510
9271
3328
7379
5993
7872
8754
6593
9783
6209
9640
7433
6088
302
963
7180
9761
1240
9877
5588
3302
5398
8130
2343
7354
3786
8865
4919
3809
6248
7673
6320
3476
8201
851
6330
8725
9148
1218
7546
4916
2814
1817
2074
6950
9233
1058
4384
7858
6949
6619
4341
9876
5972
5687
5820
8303
7347
6394
5980
653
7816
8634
1428
7299
5336
1743
1087
3570
3885
2962
1811
8837
3510
2970
2133
7487
1127
3916
8040
8007
2448
2249
2031
7486
7376
3763
1763
7385
1237
9710
1363
9422
1954
8823
4701
6900
9525
411
7961
5962
4803
2727
4389
1459
9139
9274
6245
1360
9552
6083
1889
4570
2223
7229
8713
6482
7123
3900
5801
2498
5519
4906
3596
7607
6104
6935
2608
269
4460
1959
7386
8750
274
7459
1325
9494
8960
7374
41
2492
8278
8878
6495
722
3547
4673
224
9092
1233
5728
8256
2226
4371
5951
6311
7032
971
3888
8204
6434
7431
8220
9929
1904
6243
7207
9186
8797
3736
3492
7755
2332
7157
8992
6211
1248
5220
4872
6492
1743
2606
4641
4822
9089
2781
7194
7871
8863
4090
8424
5131
2804
6402
6815
758
7212
4748
6327
9614
3597
4109
190
7883
4968
302
1444
5046
9215
4989
9197
835
4776
4371
3011
4370
2255
8165
8368
7597
3213
1877
4420
4070
3063
1510
5263
1497
5903
7700
3717
3711
6940
5590
6298
9541
4267
4196
3409
9316
9102
1951
5534
8373
556
1079
2205
4103
3511
9371
931
2440
4977
7848
5218
9797
8128
9345
9978
5060
6631
4030
2060
8982
3092
4174
9270
2221
5594
6205
275
6930
4075
1058
5731
6227
9724
7950
6685
7260
7652
7803
1249
182
6871
2001
761
635
6816
947
5623
3158
2736
4462
7054
6430
8753
6646
9779
7875
6610
2102
195
8554
8757
6956
6431
9238
5602
5445
308
8603
7018
6118
657
581
1010
7916
3276
8900
3632
9205
7697
5521
8637
7118
221
6655
1986
9752
2297
8406
70
3760
3111
7775
1046
994
7117
1520
7372
444
7134
1833
6552
894
8724
2423
5583
6238
8821
3029
5827
2822
4416
1243
1845
4587
1740
2727
6685
4226
1226
8188
2620
7096
8784
553
3283
4463
2477
5656
2972
4163
9880
4386
5107
54
4466
109
580
1816
1584
9914
3551
1648
8894
8227
7283
2917
8975
6396
5851
1618
6631
6273
3314
4522
5255
1933
5572
8301
4487
5456
6412
8788
1550
1655
2645
5680
8784
6325
4936
6730
5185
1441
9149
1639
9546
5599
5899
710
1845
2181
3768
9997
4467
6889
1918
6672
1341
9415
5923
7491
9408
9736
68
2968
7587
6840
7008
3184
7596
6855
9826
9097
5835
6676
2829
5823
1151
2002
9597
3830
8557
854
7915
7272
912
133
4120
6717
6731
1954
9746
6179
1181
3056
5995
1284
5601
6344
5862
3429
9778
4256
5373
710
2231
3099
6377
2194
9764
8219
9888
4639
1143
5641
3252
1868
5374
6665
2372
228
9307
7423
7913
6625
6793
6571
2793
1599
5229
1175
8128
1772
3590
1209
1582
4209
7106
7935
5095
8031
8647
6555
8257
822
6067
9163
659
7860
3673
3302
172
5096
3466
8256
9265
6700
8836
38
1741
1424
8909
4376
1877
5765
3715
1446
1594
1786
9129
8032
8772
1188
2001
9868
9212
973
3257
2232
9262
3946
4316
9298
5148
4718
4883
3576
439
3230
8765
5698
6043
3506
5708
6489
4900
6932
7002
1786
9414
8641
8985
5653
7256
3368
670
1049
5602
1872
3099
5734
1480
1939
2266
8687
597
1892
7926
6401
3909
317
4423
5946
7548
2448
7519
2272
9660
6269
9438
3364
6989
7903
3254
8078
9490
9287
8248
7136
4124
2252
4532
8012
1241
1490
6358
2403
7570
1506
2314
7724
6574
1624
4784
1220
3424
8400
4352
6813
1490
7192
378
228
5846
3754
1812
930
7809
2316
2199
2284
7321
6478
584
9465
2307
6447
6070
9845
5170
1026
9059
2534
4354
2363
3966
7327
9445
6832
2033
550
6557
8713
530
7865
8589
2853
2041
6922
7390
2686
5503
4487
5578
5900
6275
495
5198
8015
844
1911
8228
5576
3739
8912
231
9860
4906
5134
2064
755
1692
5629
9477
9638
3397
5838
4428
1902
2387
4633
8464
2175
5015
4394
898
7182
294
8959
689
256
3486
6585
3153
6750
7848
6616
5727
4919
5222
6175
4495
8423
2140
4190
5545
1811
7670
4740
7653
5021
5513
3943
5207
6431
1886
2697
6835
3909
6557
9321
2117
7994
659
9628
4520
802
969
9763
1986
7298
4352
9217
6507
4277
3414
7359
8293
9121
5047
8172
7597
2376
5860
6563
9791
7988
4544
4114
3651
9209
6362
3342
9848
1024
881
579
6072
8726
953
5796
8151
360
5690
6230
930
5619
2348
5210
824
7839
1395
9486
1872
2696
9948
5594
7008
2355
7596
3832
6179
8383
1752
7684
4218
8639
3299
5915
2183
6461
7828
9543
3137
5816
9997
7978
6905
381
832
8974
7275
4668
5358
1907
7099
4902
412
3803
1331
364
2695
2317
3974
8432
1602
7421
6323
2458
5639
2586
2627
3414
4006
1561
2479
3873
7890
9751
2069
4297
1139
6799
1820
9251
1681
3412
7666
8895
5476
666
8117
8020
7160
2300
4195
1339
4841
7563
383
8281
9235
5000
147
4597
9814
2668
8241
9139
4417
5763
3907
724
5421
1286
9063
7043
4122
9554
855
767
9511
6354
9112
4261
5866
1766
9606
6006
2899
1114
9273
7392
6564
6827
6141
5211
4194
6655
9216
949
8511
5213
9550
1774
7302
2661
6563
3212
1386
2789
2743
6878
2272
6385
2947
7705
1170
433
4024
9376
4666
9578
9346
7924
5763
6068
3434
378
4958
4577
5913
4379
2644
7656
6363
1343
3661
1387
9464
2251
1668
5832
9697
9697
3507
1849
2616
8154
5234
8669
8801
4178
9460
882
7764
2261
7115
8722
829
3323
2376
8046
4457
1171
5165
5991
2158
6180
3186
9430
8516
8945
5292
3095
3278
1617
8607
9478
5021
5006
9844
6919
1041
8292
3258
7072
5833
7068
8601
7510
9134
4934
8156
8667
3498
4354
6366
3124
2228
9788
4738
5748
3845
1275
595
4398
1022
4052
2486
5947
581
2383
2303
603
6714
5061
6589
4550
4328
5567
5485
9799
5250
7540
9194
1951
7450
2531
7370
9726
6813
3028
2667
7374
6931
3687
4519
6039
9999
6227
2152
7154
1867
9673
9321
3932
9318
8847
8885
7481
8364
8773
7865
6353
2997
2457
867
1520
3183
6408
2571
1229
1512
1318
4130
7127
8390
802
6154
9288
2830
8793
8164
5541
6016
2409
9952
2343
3307
1278
19
8225
8754
1496
3045
7128
9829
8487
3777
8287
9598
8981
7909
2918
3553
3274
2602
7883
8084
5614
1021
835
6770
2136
1873
2858
530
123
5470
6046
209
9119
9931
3619
6053
811
6199
5163
5077
5223
6978
4003
4365
4903
9693
9389
6459
2204
3778
4039
7429
676
3216
990
4758
9184
8107
8870
9850
5791
6294
7203
8246
1883
870
3765
271
6153
4888
711
2717
625
4228
1960
6192
3266
5579
3513
4311
8384
9610
1995
1089
7535
2036
221
4490
1022
1599
9940
5421
4757
319
3530
591
2160
7347
2751
9285
4842
1782
4550
3824
7491
5640
466
5493
6184
9689
4060
3854
8172
3436
9632
8105
5528
3605
3410
4611
6054
1031
4912
4582
1770
9833
2544
9043
193
1093
5867
6585
6387
168
466
4801
6731
5220
6964
9158
8581
7693
4473
6074
4764
9332
45
9611
1197
5590
6731
4215
87
5930
4136
4109
6041
484
9031
3329
6387
644
4283
1420
6300
9277
4336
5865
9588
8998
4629
8625
5891
83
8704
740
5548
112
7412
19
56
3736
7911
8820
2007
4750
4235
2090
6031
4450
6008
3162
2064
2520
6549
3156
6480
4019
6470
1766
2178
9622
2095
3089
9544
7223
8065
9550
9700
5722
857
4952
6158
6676
9550
1926
1692
3655
6509
3268
1665
420
9959
6491
3715
6076
1652
3419
8556
2683
5268
9376
3615
1725
86
2306
7555
6203
6968
4826
2431
6005
6591
2094
3940
4645
5102
624
8768
1211
8582
4940
3809
8600
2482
5307
2062
58
7360
5265
1995
9156
1379
2083
3767
4946
7880
1811
1978
6573
1185
7168
898
1755
9262
4399
1906
5049
502
338
7262
1642
7131
8640
8533
8447
6205
2566
3463
886
1438
6494
5799
1054
528
9771
2062
6109
6162
7100
4120
3893
6631
2444
5949
2548
1241
1372
5278
7226
8805
4759
197
7409
8476
9776
6217
8338
5930
9845
7158
9013
2325
9056
4106
5804
6112
3470
9361
7947
3919
1882
6959
8343
8687
2278
5025
2047
8213
2235
8135
4822
4350
7976
7275
6405
9777
178
4822
9469
9501
8997
2144
7538
5629
1245
8304
6424
6673
6823
5356
2348
8396
5218
5983
2311
7144
3745
2752
5155
4344
6163
85
9570
8736
2741
4265
334
8744
4845
1952
4277
9284
4801
1585
55
2244
3625
4831
3280
1550
5000
901
9752
6058
2889
5929
3319
8816
7785
1622
8253
7531
1520
3361
8441
1323
5942
2286
263
9985
5764
4454
9662
7317
6147
9673
3458
7063
8416
2378
6701
7727
5702
1350
8647
4407
2497
5315
4480
9088
6156
193
6916
3841
3168
8584
723
3906
5212
7798
8673
8371
931
9772
5580
72
2164
2148
6310
1145
8108
7238
6674
4322
6161
8629
8280
2974
362
3892
1147
5676
7962
9570
7192
6283
7078
3958
4421
5291
9092
1973
8154
5542
4415
4463
5900
2643
5179
3313
7495
2786
9383
6584
6028
767
9111
7506
8439
3835
1305
7151
599
4903
2081
2359
6501
9926
8288
6208
7408
171
4339
6721
6788
9878
8253
3481
5333
6432
5456
3077
4479
2881
6225
7759
7972
7124
2965
5456
8582
3939
7929
692
676
657
738
8686
5369
3279
5189
6914
1232
6489
2392
713
831
5311
9284
942
1254
1531
8686
9816
8507
4736
5349
3707
2117
2955
9985
1942
8013
5128
2211
4319
2313
7552
7035
4756
7892
1598
2977
7982
2460
8587
9363
901
7078
1033
8048
2275
1870
5368
140
79
2325
6977
5227
5068
5817
8657
4669
2969
1818
620
3914
6554
1754
1704
6056
4780
3790
6628
9498
6470
96
9384
4124
3881
5612
1729
4850
6455
6942
5564
1983
7740
437
7923
5224
9209
8056
7841
5757
8881
8390
8599
8651
7549
6953
717
8328
2008
6109
1832
626
9000
8835
6012
2359
6596
4128
3612
3696
4548
5302
6686
1074
9965
3075
5074
714
9094
588
5179
7242
401
4345
7125
6745
471
7920
1344
9060
9366
7569
8334
9647
7891
1097
2167
9668
4386
2671
1625
8054
4931
815
1424
9986
8690
2382
5857
9569
4766
8489
7173
1974
1832
4587
7420
3002
619
5959
1541
1627
7378
7279
6017
8494
293
1512
7217
2715
4243
574
2109
1872
3950
6467
4373
6338
2996
4711
1316
2707
3311
3920
8317
1349
9704
8430
3696
6124
6883
7896
7288
9370
4828
6806
1861
709
8529
4823
4113
1420
3153
7112
5154
6293
467
7976
7737
5257
490
766
2978
7112
7671
359
2227
1321
4840
2554
757
6892
4269
6127
6117
5571
5798
250
1794
801
5598
4209
4985
8439
1889
6964
6420
5891
633
9893
6453
981
2281
3142
2732
4303
1576
8434
7758
6748
8421
1558
6143
1940
4374
7482
2967
6239
9411
1700
1903
6859
8437
4852
8192
1766
2836
4421
3679
1422
848
6799
6379
7758
170
3563
876
584
9134
4516
1729
5131
8637
8834
3092
1294
2721
5843
3897
9847
3561
7143
6067
222
4720
1298
656
1844
8710
5898
945
6315
4195
302
7482
6883
2882
3199
7764
8744
5774
6467
6787
260
540
6494
9558
4848
4713
2479
2885
3723
1000
1342
2272
1118
5065
4311
7270
6816
7378
8781
8612
4464
7086
8749
688
6582
7209
2228
5059
7270
2519
7590
2986
7765
6902
7378
812
8207
3134
3002
5807
885
8319
6442
480
4050
1136
6387
9805
9942
7255
3161
769
4961
3242
6111
6262
3007
2345
7004
5603
3096
7978
8004
1694
3769
5028
2425
3055
9133
6158
9419
2993
7073
7761
9355
4912
7538
6461
5019
7582
1120
1769
6835
322
8682
8292
8816
6881
963
5990
1941
4219
5071
8710
7357
1333
9462
5127
8531
6907
1627
8574
4914
95
8453
9741
1961
7357
6738
3049
1956
1832
4416
1089
593
3298
3711
3006
9356
2876
5423
2405
9826
9815
4376
7359
8048
2087
6601
3775
4602
3259
6523
6901
3773
7109
4635
4766
315
1839
399
9100
7012
767
2701
7423
4190
1297
7818
5174
887
2415
1206
5965
230
7478
4856
5208
7077
4704
8430
1371
9461
7536
6346
3847
4367
3133
2991
2843
5802
5802
9127
7545
1005
6507
1591
9528
7122
3538
175
9198
7564
2696
8836
6598
284
3784
8022
4981
6818
8399
5851
737
4686
3651
7794
5566
5554
3436
1554
5642
3017
5115
4715
1308
8704
6565
1249
5493
7539
8936
464
9817
8127
4155
395
5175
259
2532
2
6331
962
6763
4106
8729
8682
7448
648
6093
2938
6911
6911
281
7597
7577
4760
1314
4622
7937
3456
5192
4073
2246
5888
2409
6815
5277
8450
8222
9028
6970
1508
4803
4205
9101
2381
7718
7474
6455
6574
422
1145
8458
199
3468
326
3425
1072
5198
8940
9645
5339
8931
1522
8342
9668
7827
7390
1377
6690
2811
2248
9490
9525
5735
727
6945
3264
9627
7510
8054
4908
2700
3186
3017
9212
3779
7115
6920
5277
2751
2546
9443
7831
886
752
9828
9129
6438
8587
7567
7791
8965
4986
2659
6107
1050
9824
2718
2284
4462
807
550
4361
6342
1933
3022
3948
5798
9392
7222
6788
5362
8013
605
7987
1090
4350
6
9273
636
1187
3964
4435
1924
113
1500
5078
5382
2317
1783
9861
4090
7889
5676
3257
3107
1065
3566
8108
1179
2091
600
7253
5351
8334
937
1881
5759
75
5296
5462
7768
1339
4023
8231
767
7799
8884
592
4955
6602
2231
252
9286
817
2594
9936
4496
9503
8551
476
5368
6887
1937
1336
4915
6472
8247
6357
152
2538
6715
4945
4543
5835
9672
363
1380
9869
8769
5028
4978
4668
9957
9617
3837
3627
2964
8054
9014
1496
98
1490
3293
2016
7652
1862
42
2445
3825
3504
3047
5126
2033
756
4782
7412
5391
6531
3906
943
8272
9972
4174
112
7305
2674
9564
5053
9522
4899
9317
1927
7162
3574
1741
9146
887
805
6037
7992
6579
3042
2121
7272
9159
1095
1882
4347
9073
9324
5942
4727
6311
4262
1176
7729
249
2838
855
8355
3508
5484
6622
9181
4896
6244
3481
7316
9198
5759
4072
5931
7929
2536
1840
3153
2271
5228
5579
8582
8118
2211
3490
2331
1479
9524
8807
2944
2548
8679
4544
5119
4249
5035
6819
2128
8371
3429
7836
9544
1684
61
7387
5143
481
9739
6775
1255
756
790
8567
6842
1448
7552
4206
9117
9290
9279
5138
6859
6895
3612
9332
7166
9507
1258
6818
524
4408
8882
2378
7357
5238
9924
5557
1412
6656
1325
4354
4012
9314
8530
5369
1906
2744
3774
5482
8387
7835
8711
3907