3752
8392
695
7961
5462
6874
4243
2413
4825
5966
2756
2953
5418
6968
9518
5919
2635
995
9921
5081
8492
5889
9640
7527
8675
2155
7254
6474
2513
3874
6806
1977
7028
515
9732
6745
4837
4963
7929
29
6218
5378
4428
2673
1573
1724
4014
5032
4363
4656
6541
3843
7807
4299
8677
7223
4790
5435
9233
7610
9434
2401
9989
4464
1797
2627
5280
3548
9013
3617
3820
3098
4984
4368
2984
4063
1643
8602
9924
8178
6721
1295
129
4878
8893
7186
9278
3483
3064
6391
4951
6427
2235
5466
1250
731
9709
242
297
2367
9082
710
7905
9699
2351
1010
5492
4800
8038
4844
5825
1340
4609
8429
6628
1590
891
4584
7141
733
6447
2753
7676
9037
7707
4052
9327
6686
2406
7851
4152
7023
3700
6538
5541
9155
490
2258
7821
1979
4830
1754
184
5488
8445
8996
7947
455
6526
9721
8012
938
9590
8357
2555
2851
5293
6894
9670
9497
8181
7308
353
3701
7955
693
8567
5544
4590
8117
1029
3764
3255
9264
967
3013
9750
1931
2270
612
9934
7376
6766
6063
5541
4615
6719
1053
3140
4606
9116
3041
3088
1466
2841
3138
6012
111
3319
5555
1328
7427
925
3482
3996
8226
4650
261
8440
2785
5698
4328
2863
6930
5883
6260
5686
2294
7385
1927
6290
528
9989
4212
9266
2663
6359
423
1592
9715
2385
1565
2358
2168
9490
3646
4110
8052
9900
6726
8445
3604
3458
950
4621
6044
702
5351
8808
2628
9212
8858
4790
5660
958
9793
2257
9365
7334
7369
8019
8032
5601
2755
5742
2855
8675
3182
938
250
7777
4824
9861
4891
3311
9809
5552
2519
8868
7566
7382
9321
5380
6592
572
517
8822
735
8118
3611
108
4146
4935
6944
3740
4836
9988
358
1357
8153
2602
1418
6385
1667
2657
3722
5212
5606
7725
5094
1946
2180
4631
3259
5137
7624
1117
720
5833
3340
2276
5879
8789
8983
4431
8740
6490
7072
8163
291
289
3380
7642
6437
4017
4616
4369
1689
6443
6902
2859
8061
4188
2935
2553
6439
9263
7779
4309
739
824
4545
2308
7226
9209
9108
6134
4509
5829
9067
1172
9140
3442
9061
2390
420
8723
1990
9350
6118
2158
1512
4399
7927
788
720
6831
7416
2323
2403
1898
6592
5250
6117
6615
3946
3023
7800
7286
756
489
6224
2078
9145
283
3164
8715
5611
8448
797
3739
2988
7384
7205
6034
2398
6770
1986
6598
6180
5266
964
8702
1969
664
7950
8468
4553
1607
8081
8468
1624
9412
6640
5566
9980
1664
4213
1113
3487
4714
5330
110
9250
979
9840
1078
2971
4079
6419
9473
5267
5918
7166
2217
5378
8442
1849
7942
3530
3389
9533
1827
7274
6180
2476
4268
9705
3640
6801
2921
7384
1825
9133
7806
7311
3964
3460
6088
3307
434
6644
7827
9239
1037
1179
4700
7558
6040
9264
2359
8836
4242
1552
4018
9867
2622
6133
6423
7529
9565
9381
8081
8755
3981
1587
5540
3524
3386
4226
8930
4382
977
5084
2061
9925
5614
1458
6085
9326
1150
445
2435
3158
9636
5932
6060
4977
9215
2554
2843
949
1432
9058
3352
7999
3093
66
8134
6026
1545
227
9953
5820
4137
8189
14
2476
356
1002
7186
3689
3330
8053
6754
5058
2230
5687
1926
478
662
6874
4153
8261
5810
6876
5453
1817
5102
3461
3661
2767
3738
155
9165
9890
3422
2961
7780
5929
329
2121
3234
135
3741
5990
445
5280
4343
5581
6332
8711
5981
2181
5985
6751
2401
1206
3778
8358
5675
8835
3043
7568
7291
8284
869
9008
6068
7529
5409
1695
9184
2560
6814
2341
7969
4109
5193
8653
4043
415
4966
7887
9906
2653
2473
4440
1722
2402
7095
3345
8695
970
3449
8225
5310
1640
6072
8976
2188
7333
1936
4318
4733
879
8788
2855
8656
8853
7676
1827
6469
1788
3115
48
1537
4670
8488
7720
2733
212
1255
2322
6638
7610
7079
2136
7817
8845
4757
2700
2720
4337
6505
5971
6055
5975
7696
8101
1742
7415
6325
2701
5737
6133
7676
7199
2704
3783
2866
1467
17
1650
1380
4886
5655
9930
4402
9681
3374
4541
4550
1917
1488
6091
5956
9125
6486
4215
7370
524
6904
614
8366
7015
8668
3135
4467
3510
9503
2057
4534
9571
5236
9938
9418
6516
2775
8102
6590
1275
9055
4098
4888
3150
7845
9704
4138
4336
9725
2094
5090
3608
5470
8676
9778
8613
9539
1050
319
4086
9441
8475
8064
5497
226
2496
2704
5301
4023
5302
4888
4790
5503
2921
712
1750
1758
9874
6298
5627
9678
4529
1312
587
998
902
1482
935
3002
7565
9853
3698
1651
6965
9384
688
9843
2268
8307
3774
4514
6907
3755
9809
3715
8180
943
3825
4251
9004
2478
421
3639
5338
2712
7903
5940
1609
5414
5634
5924
2254
372
7341
6362
6962
5132
2062
9362
3599
2531
583
6052
9148
8772
6469
367
662
5142
2623
9873
3075
4018
1070
9974
5563
7834
9291
6669
2153
4396
7105
6752
5581
278
3341
7992
9115
8024
8492
8344
6164
1762
4977
9289
546
1619
4586
31
5216
5825
4493
3990
9342
714
8627
3263
7508
8006
9596
3798
545
2322
3361
7743
5076
5337
6104
2627
2057
5085
2747
9481
3122
8179
5986
5114
4244
6811
9681
9701
2709
6938
1119
863
2199
2056
2327
4094
2355
3487
5915
1744
4354
2339
7323
151
8678
4961
1344
7229
4535
4557
453
1959
1761
7488
6326
604
6217
4912
7417
9435
2483
272
5691
1169
2389
5642
7226
2986
8896
5230
7870
4627
502
7920
4266
2098
6335
1074
9155
8257
833
2090
4911
3953
5241
1035
1113
3340
2611
6394
3075
7802
2487
2556
215
1688
9623
7260
4377
7124
7355
4374
9751
2789
8802
776
5942
7094
5675
3598
3385
5235
568
1314
4472
690
1952
9583
6697
518
8687
3276
1839
5731
4113
2209
9776
6435
9828
590
3922
8862
1006
9941
8683
3217
2042
3771
9402
9119
8780
9056
3452
7915
6540
1253
4263
7536
1006
8174
714
5352
7686
2939
4490
6381
8421
1131
8417
7081
8751
5142
1936
3471
44
1859
93
8650
8943
4217
8788
6405
9714
7791
3425
8622
7611
2169
9184
7716
31
7249
6958
2954
1281
753
5910
1079
5953
8794
3597
2896
5995
4762
8586
6027
9753
9091
2875
1840
1157
1606
1442
769
3911
6383
253
7268
6252
4892
2628
2905
8221
7613
6655
1299
7436
2392
6032
5385
7481
2013
2179
2440
1326
167
2093
2665
8962
3662
9826
4751
4291
9704
4401
4221
5801
7264
8691
9099
3351
688
990
9350
9522
1128
8721
837
6927
2634
4882
1149
1098
4701
8414
453
1163
2386
307
6258
2133
3123
1357
2573
199
5516
5645
8137
6952
6235
9232
5274
7145
5907
6437
9252
1893
3289
3028
2858
537
2263
1401
760
1194
4272
4304
5566
6781
3632
7342
1555
1224
7240
3051
3924
927
5421
9071
6788
7458
1227
8866
8071
8717
7377
295
5305
3560
5423
3959
7905
1791
4435
832
6581
1858
1533
9309
7494
6642
5532
9650
6017
9815
3662
5785
4401
5714
5790
6936
9766
2338
9916
2223
4413
6113
4880
6007
1640
2380
4415
1905
7521
2695
5183
2158
5721
9394
2409
1618
4660
2888
6286
7550
6543
6307
5949
3292
1127
153
4525
5309
2825
5605
6347
980
9664
7830
1203
4315
5970
3872
7612
211
9494
5395
3010
5312
6765
8969
4176
5706
5410
1400
398
976
1198
6123
2153
9546
3020
5555
1158
2265
4827
5024
3531
3633
6135
9378
8257
8012
5372
4242
7336
8882
1693
4053
8926
5058
5088
6510
1930
4336
214
9920
7660
7205
8572
4770
2783
4791
7435
2663
9527
8211
7666
6390
2505
290
4164
1778
8962
9833
9209
1866
8061
8913
7159
7800
755
604
4851
9766
733
819
3677
9738
9725
5960
9904
8007
8735
6359
3755
9292
2223
5500
6628
3575
8200
3147
9615
1570
5399
2967
950
8361
1716
4871
1934
1212
2345
6421
1384
1635
8098
3175
3024
7364
7968
7229
5234
830
6153
1765
3851
5512
9927
7754
7213
6713
7180
2915
6506
2508
5122
5771
1179
1056
5733
3899
3375
9239
6018
8961
377
1031
2706
4964
4121
1827
8008
9198
9722
8525
2568
1127
2038
6957
1058
1123
3745
9325
565
1037
2280
8274
4985
7044
9304
7608
2563
6429
3122
2357
7195
7625
8578
3247
2203
3281
293
4855
4757
3312
2536
7309
5934
750
1161
5673
7173
3131
6394
9689
7016
9972
481
5219
7911
9810
384
3061
550
7299
8044
6333
1811
2126
8417
8670
6650
1422
4109
8737
5499
363
758
4624
2186
5231
8605
150
602
723
3538
1980
4777
2664
6506
1904
2916
4577
5487
6096
4738
1448
1686
5964
225
1571
8105
2522
68
5177
8473
7632
4917
4677
9249
3801
3775
7040
8163
7562
9013
3421
5646
5005
5931
3897
8772
5805
1875
2522
9443
9935
8273
96
3027
8905
6560
36
6465
6349
3839
372
3057
9998
3608
8645
7132
2415
8537
8541
292
5518
7406
1075
3956
4664
7818
4406
9372
9315
1197
3607
7488
8244
568
865
5254
2527
7861
5044
9198
4578
485
5073
5873
8313
6039
4732
3583
6327
5491
1803
8158
9632
2145
6414
7657
9352
1405
7112
707
4605
1004
2143
2929
1839
9072
906
1506
5245
5330
1145
5546
8354
3281
3021
6266
8346
9144
7124
5431
624
4763
2499
1453
9691
1903
7016
1837
4173
1311
6677
6476
8916
4339
9983
3008
960
7801
5166
7317
3694
4432
1645
9557
4847
7379
7537
4345
4210
361
1454
5948
426
7806
519
6019
4546
1718
5222
4405
7498
6979
4622
8384
8277
3806
5464
5126
1616
7825
8458
4208
1661
7566
5990
2610
129
4507
104
2674
315
9702
9292
6739
5494
6908
4324
7952
1682
3975
4715
9646
5148
6619
6362
4939
492
1750
3042
7634
8626
5293
6376
7397
2889
5302
3381
3353
6447
40
8089
7252
7292
3932
9606
7872
4814
8812
6958
1426
1162
7162
7515
6765
8912
6206
5652
4317
8905
325
3363
2152
1666
2531
6241
9708
1626
1638
5463
9903
5327
3565
1556
6980
7339
4806
9391
5739
1587
4914
8669
1755
4934
1164
5503
2119
2353
5334
9959
8867
8758
8064
9674
7148
7554
6708
7438
9592
8292
5613
3039
1206
6466
3106
9280
9982
5360
9750
2
9918
5381
1644
4217
1115
7709
6758
993
8182
1109
3954
3622
6678
7952
5646
1587
7106
2252
2072
5703
3827
3081
7453
3768
220
9591
6058
8036
1586
3746
6395
5447
779
1831
3404
5906
2478
8640
326
4419
4964
4113
3240
6340
4815
3055
4396
1261
6854
2769
9257
3778
5300
5770
7958
7207
4543
5770
2946
460
770
171
1350
9577
7464
7135
1548
4968
4404
1596
9715
7338
1852
4529
2263
7414
4246
3916
430
3993
132
6733
1451
433
7631
3313
2979
579
4308
9406
6297
4219
3824
5415
9655
7755
3166
4567
8124
8496
9031
1109
7030
8088
765
3703
8119
7639
8291
1051
7105
4518
6700
3913
8417
9191
2414
7976
1261
1366
4335
5662
915
145
8562
8675
2350
5267
9748
6019
9683
7637
6280
5228
8529
7435
3134
8407
5214
6852
6147
8164
5386
8783
910
511
6868
5221
1030
5208
3408
2657
4227
1279
6307
1474
1076
4586
4095
1205
7857
8394
2557
7614
4291
8911
8909
7131
6348
4957
6635
3337
8589
978
3973
7069
443
5216
1423
7399
7447
6409
5945
5944
4128
1362
5709
7988
1783
1473
7868
3954
4759
2317
2856
3255
8500
1854
4346
8502
6220
5986
4477
7778
7127
4887
3667
4187
8508
193
3511
9133
9247
6598
2828
8338
7222
5672
9804
9335
8357
8306
4666
5835
1834
412
1332
718
8856
3873
8545
4984
8631
2273
7292
6694
5041
4168
5103
8741
5899
7349
4887
8538
2691
9773
3102
6413
2064
188
3273
8945
4784
6272
6764
8622
9901
750
4741
2080
9344
6113
6436
1271
3976
7161
2268
7029
1854
9226
9413
3612
9069
8932
4109
8567
1874
3137
5181
7261
9917
7315
3991
937
2651
7929
1388
4073
1273
568
6074
6679
98
4081
8903
7140
9060
8975
1019
5060
437
7065
9722
1915
3076
9245
2009
5266
1763
1891
5813
9696
2108
9185
5438
8110
9314
6827
3440
7331
7078
363
6184
9739
3327
1181
161
8235
9335
917
9174
6166
5242
966
3889
4696
5682
2960
4408
4270
8983
3324
3451
5133
5478
2845
8494
761
4061
2169
6307
2820
4792
5414
950
1502
3110
8873
6297
3288
257
7473
8604
8720
5533
6192
457
640
5236
1664
5548
9785
9615
5371
708
5803
6691
2728
8311
564
7092
1402
6680
8050
7303
6156
1501
1114
374
4708
3460
3725
694
9243
3683
8812
4880
56
4857
4097
1023
8017
1709
9227
1357
8643
9194
5163
887
6086
4986
1326
8537
9754
3845
4072
8622
1100
849
1644
915
2243
7292
2622
5968
1944
7491
9437
3043
5510
1478
6728
5139
1733
7624
8781
1003
4868
386
5869
6761
2296
2645
5633
4859
7637
9864
5005
4041
2330
2630
1323
6836
5125
9737
5145
568
4963
6002
3133
2685
720
3863
3357
5645
3915
500
4155
8783
5235
9405
3998
6315
17
341
2361
7191
1638
2762
1782
853
6581
2455
2951
9133
6712
7031
8282
4791
9929
8080
2005
2351
2225
4059
8031
532
265
9016
1621
6239
2541
3193
1918
8876
4381
4041
1856
784
7979
9808
4479
2190
9123
6795
3838
1539
3167
750
4354
2828
7589
1717
6216
6394
3539
9295
3383
9387
8204
3228
8686
7760
9275
9329
9364
3457
3220
9091
5071
1005
3175
282
3750
4884
4200
1986
3978
8045
357
1583
4167
5611
6671
9855
2809
7128
712
228
2866
6523
277
7270
4568
6856
5316
4908
5197
3026
5391
9367
8519
6373
142
1502
359
5675
9841
8752
2707
6617
4689
1336
8290
1260
366
9042
2618
5607
3039
6464
4593
5314
7403
1899
3890
7759
257
8376
7753
7280
7878
8295
2620
3961
1401
1454
2667
8942
7290
7208
822
8302
7543
1966
9790
1051
5983
2204
9712
1855
5141
9913
4582
8735
9827
9374
1147
7918
9391
3272
426
6281
7052
4074
662
5166
9364
358
6192
6890
2672
2307
886
3092
1547
2002
9096
806
7366
5610
2659
3819
5603
7915
3368
4567
1405
8101
6938
8785
280
823
8943
7
8184
1481
845
574
4879
9562
2896
2381
8114
4275
4781
9499
8727
5731
2270
4404
9404
6407
5673
5392
9841
3962
6889
4661
4428
5439
7972
7689
4565
9735
8843
4914
4443
2088
4498
4822
2837
8554
5274
6474
9368
1015
2498
3389
2257
6812
7000
8512
2943
4087
435
9904
2644
7718
5592
2797
5719
9528
9386
7198
2004
8444
6695
3424
1950
9876
2254
2848
9751
258
8148
488
1864
4929
9811
9738
8718
5888
1598
5177
1463
9306
4276
9756
9582
9431
660
9686
277
480
3047
777
3364
9092
5357
1922
5749
4721
5724
5856
6226
835
8237
8354
6875
4634
9469
7123
1374
1476
9006
5048
1700
5601
1652
8884
6539
6348
1798
1201
3669
9171
4489
9591
8442
6737
3471
2698
8279
4567
4338
2294
717
8948
3519
5659
6863
3456
35
3992
6188
3776
2416
4923
2503
674
7436
8490
6901
3526
606
3943
4686
7417
1173
6749
3379
1436
2728
4680
3431
3253
5906
5848
472
9030
3620
903
7721
9370
1821
2314
2640
9949
8938
9031
1221
8017
2773
4720
3240
6875
137
8563
765
6119
3046
1724
7634
5311
7971
1500
9219
2715
5691
9337
8826
7373
5770
9415
8887
6092
6689
704
3233
6402
1872
5566
6770
5389
8184
6749
3628
5089
8936
391
1143
7664
9476
4179
7545
9768
445
7179
3508
7489
8288
2728
7099
6982
5327
6864
9985
9138
8166
3277
4175
2370
8992
7757
8190
4565
8589
5347
9241
4747
9018
4436
44
8416
5283
7172
5397
7025
2688
9085
8468
4079
2630
1740
4507
9537
9427
9727
5822
6530
9611
9969
8611
6579
4689
3311
951
4205
7582
5892
6187
798
6649
807
9036
7337
2396
8194
5549
7391
1531
2556
2754
7027
108
6392
7310
3552
4525
4347
2784
2423
8260
9825
2943
1696
9229
426
3060
9872
2423
8474
1225
9940
4480
6410
2794
6563
1882
6917
1770
6078
6548
8841
6524
3166
5525
8547
939
4854
9239
6170
4975
6376
5501
1493
7818
6748
7005
3986
8072
3706
1883
3943
7381
9135
2484
3669
972
921
4531
913
6435
8495
3779
2227
7685
109
4674
1827
9732
1992
7681
4040
9491
8921
9206
987
1200
9124
9850
5354
6246
100
3928
2602
3722
3540
6146
3534
4994
1145
9466
8929
4220
639
1210
2963
4922
8090
4766
5975
3619
567
5874
4310
9230
4191
5927
2174
5613
2441
9431
5741
3759
3310
7578
6752
9517
9884
9038
7984
4046
1168
5377
7664
729
4014
63
6936
4798
592
8075
1384
825
7498
4020
7643
1923
9076
3468
7803
4558
8135
9640
9926
5312
7537
1144
6168
3745
7890
9103
7513
1407
7798
6431
6449
6655
219
6622
2202
2912
3155
7709
6615
4684
3291
6282
8966
5900
8120
5911
8859
7574
1038
3594
5930
1800
1473
385
283
5212
4973
3428
8590
6060
7061
126
749
5904
6916
1999
1271
812
2470
3326
5218
1446
161
228
4976
1291
4597
2844
6693
7406
295
1110
2487
5101
1434
1792
6709
3638
8812
3168
7980
5094
4377
8938
4487
1560
7507
9273
8377
6887
7328
8742
5723
8220
2336
8210
1203
3922
834
5966
9675
8780
1568
4873
3807
3217
1409
5924
6934
5174
5470
1109
4356
3739
8699
3700
2781
2677
657
4911
9964
1547
6734
4741
6649
7345
7483
4536
5833
9349
9989
3015
9892
6119
1501
2043
1378
2110
7671
44
1156
2327
9874
4941
8720
276
8012
5500
8441
5325
2102
5754
1040
3649
7074
4300
6321
7423
4154
4881
1277
6018
6292
2520
9363
5224
6270
9366
7725
7618
7798
4162
9271
2800
7256
8322
5298
812
4662
8777
5747
2617
9819
6255
3914
252
2606
9484
1300
5262
9118
3177
4765
2855
3820
2382
981
9326
4578
9310
1843
3941
2703
801
5173
4491
9079
6337
1793
3011
3638
7998
2667
78
2811
469
5013
706
8052
4579
6481
6995
9036
9330
5353
5007
9514
1778
6221
1107
6266
2331
3876
6249
7806
234
4040
1829
1574
4603
9178
6886
599
5320
3608
28
4469
7057
2881
9094
2246
6958
7735
5441
8022
4418
1953
7228
9731
4721
5141
3736
8158
7181
8082
6230
9813
5780
2415
7304
8484
3266
5010
1837
2810
5654
1128
485
6674
536
7299
7805
5407
6820
6482
1285
1359
5271
3327
7028
361
9928
2973
8781
4422
9369
973
7640
884
5882
573
534
6035
9657
3104
8788
3564
6584
1697
3907
8774
9126
1844
4075
7110
768
2189
6768
3753
201
7544
8608
2082
3834
6197
8976
4370
1406
2032
8690
9529
6237
1689
6067
222
9227
9535
6621
705
4434
8357
1815
1771
1154
8059
4474
435
7967
5410
5757
9380
9601
4947
2480
1013
7217
624
8186
7786
1585
9407
7540
4178
3820
3586
1136
742
1769
7451
1684
5880
50
9822
2789
6829
8801
7007
9733
3266
2827
1756
3381
8025
296
4145
9410
1973
567
3777
9597
8652
8776
1892
4307
8017
9504
6459
4150
1177
5662
4927
7026
9892
2098
5665
3305
4498
9197
2581
9091
1327
7885
717
7312
6503
1533
5988
5729
2826
8475
1806
3653
1650
9021
8689
1969
9183
6601
6279
3905
2428
4134
1958
7934
7915
6954
9212
3949
7570
6873
9131
5679
7587
3063
9560
1934
9194
5452
6742
1430
9956
7678
1605
477
1984
5830
5163
7648
7421
4344
1360
3874
144
1509
9292
4747
3830
9772
4956
4805
4796
8477
324
42
9498
8616
1065
676
5373
6756
5870
7160
4927
2826
6947
5931
5747
6591
5522
9656
2543
143
9777
9030
5073
4398
6259
7750
4351
4788
6716
7729
7177
7094
9959
2056
4135
2578
1332
5444
1442
719
4816
939
3645
4175
1519
5350
5690
7144
9949
7570
3530
6923
2890
6133
1548
7517
4889
42
4978
122
7096
2497
3895
949
9878
3811
9903
4413
6339
3997
7931
4637
7810
550
160
343
702
6262
4643
7025
4517
2989
3845
2080
575
7066
219
4720
2494
5680
6905
1140
4068
1958
2464
4997
1273
3570
1767
5652
8508
5602
268
4481
2183
6044
4187
467
7486
8103
5096
735
7023
4134
1248
3515
396
2898
8889
8389
7609
227
7838
1373
9385
3389
1284
143
952
5846
2774
1377
2017
9479
4620
4006
6288
9421
9194
6634
839
4805
5300
4219
4632
2679
1080
4487
6228
3942
508
5729
5997
2823
4506
5708
9703
5406
1164
1624
2832
8237
3469
1376
617
3717
6096
7785
9372
8278
5036
2412
4919
4601
1068
9743
5931
666
7992
3764
3771
3784
152
397
9089
7073
7126
5187
7991
649
2558
8101
2278
1357
8940
3699
9054
6017
5312
6764
5327
2022
8231
7334
7034
4803
4048
1507
8396
5033
1838
1826
3401
7297
140
4103
7439
9589
1743
3050
8227
1942
9560
7037
2718
621
2703
9580
8978
6332
558
2831
730
4942
400
8565
6652
5467
868
4730
1919
3042
3941
8238
6476
5893
8773
6199
6753
7238
479
7138
1533
675
4438
7957
7962
7823
3080
1469
4772
4881
9249
7689
2333
7994
8251
6147
9339
7613
5769
6301
8193
627
9843
4222
5198
5287
7062
3970
9258
2558
7328
3329
9508
9641
9015
3069
8498
2506
2070
7213
4262
1207
1909
6743
9110
5442
2976
8843
75
3181
7533
2192
7680
7122
299
8138
9688
4412
6970
401
6428
4946
1809
7387
8113
5228
8109
3858
9892
1068
8808
8767
169
384
2711
647
1897
9405
658
6733
1913
5393
7278
9555
8839
647
5762
607
7085
4531
2634
5777
5727
3654
6633
7071
669
3794
4102
5887
6473
5029
8210
9263
9788
7897
1995
7552
8535
5929
197
5623
9487
204
2607
9663
5171
1188
5549
8916
6518
8678
6342
4233
1494
7328
337
9549
6144
3520
7620
8244
2947
9340
260
7770
1551
7558
607
479
3970
9042
7239
4946
2458
7188
4450
6310
3612
9352
3959
9104
4881
4332
2294
70
1743
4414
7317
151
3171
2670
9539
8917
1367
6299
856
3043
3234
4512
3589
70
8800
3496
9635
1172
2752
8082
4607
1
6468
3474
384
3299
9
4124
2878
1548
707
2248
4196
7179
63
734
6020
9242
6569
4859
6730
8206
392
4164
7306
6396
1010
5389
3853
5954
5909
2441
2249
3012
5068
4663
4355
7514
3449
5701
2458
4329
9523
1635
5259
7062
2138
2742
6723
4755
2637
9437
977
8722
1981
451
8680
3158
3206
6432
8261
7812
6855
5701
4834
3382
837
6453
8216
8164
2218
2067
2101
5234
6696
3533
7236
1222
7278
9291
485
8876
2966
5230
4494
1233
8231
336
3871
2136
5720
4802
1551
7626
2236
5965
8541
3960
4431
8403
5980
9336
6593
7801
2494
7525
9000
6839
2473
3405
5775
8244
5672
8243
2775
1207
2083
8790
640
6956
4524
6974
2984
6045
7157
2385
6344
2518
255
7366
5211
9836
1575
5281
5281
5749
6450
6689
2563
4305
7646
1631
8052
7624
396
5965
4141
1514
9693
3032
6254
7909
4510
6485
7217
4839
3619
6337
7656
9225
8201
6976
5601
1934
399
5559
9447
1774
2853
603
5822
9227
275
2446
7496
8379
9708
136
3584
2712
9308
567
8649
9799
5382
7970
4705
6434
5981
6564
7636
372
8827
4468
4130
1653
8634
4070
4879
85
1213
4996
6410
2077
6625
3054
8729
1289
7960
9234
162
3992
171
7685
7387
8678
3827
9251
6234
4901
7397
1612
5987
256
9221
6475
9167
1979
7382
6483
4686
9361
9908
3876
7220
4836
5956
7936
7301
2828
2553
8830
6661
9262
631
9059
2209
5408
9742
3657
7354
1390
5145
196
1812
6774
1276
4476
5556
8196
2270
3789
7551
2729
3687
7828
6709
1337
7896
4126
9471
3029
5436
8357
4041
4951
6078
8140
9089
5974
6670
6476
3500
1809
8433
342
1527
6143
611
9064
1212
9851
3948
9236
4605
3663
8646
4669
9315
267
9030
6774
1554
348
1937
5681
7493
6932
9747
7565
2331
4780
3413
640
5839
8634
7930
2604
1616
2640
1208
7929
6478
8760
3182
2775
2787
5158
6047
5752
8642
4884
499
3385
1463
3673
2124
2623
374
6832
8668
5645
2763
6918
7992
6498
6078
6412
7090
5253
3332
4002
9774
4877
7762
8183
3978
2167
6478
1422
2483
3913
6646
6466
4970
9839
9391
5571
4397
7779
9892
9917
592
354
7151
5750
7517
2369
457
9029
6971
3939
4351
2344
1361
6513
3170
8447
5459
9489
4695
4296
7389
3077
601
5374
984
1190
6736
3453
9940
1814
1938
1693
93
5283
2640
9949
3797
5367
6451
6952
1070
3472
138
3976
9274
4413
5686
1258
5599
4841
4354
955
4368
5948
3576
1547
2620
8261
2623
3257
6463
3339
7045
7309
9230
1722
2815
6066
9636
6853
8816
8486
5218
5158
2013
2215
8419
1155
2852
3534
1795
3387
7028
1680
117
7992
908
5135
9673
517
2137
3940
2337
2819
6333
6068
7089
1520
9079
8936
1300
5799
712
3974
2619
1684
3082
7458
7473
3028
5281
8299
9933
8301
7839
795
4718
5081
6724
2684
3448
5120
2795
3926
562
7679
8516
2940
9547
7482
9629
2688
4121
2183
6188
7714
7323
2563
8629
5846
2486
3027
1462
3762
6256
3132
13
9859
931
9330
6128
7470
5694
1513
7861
2958
4623
8505
9891
4088
9029
817
8150
5866
5509
1998
6272
2709
2622
8623
1856
6896
2161
7056
2580
420
7608
5632
5330
9590
8341
2945
5187
8921
451
9313
3705
5271
8243
3517
1497
6772
3644
8875
3751
8514
7040
948
8963
6944
6389
3469
476
3219
6364
9741
4481
8431
8054
4475
1389
7521
5743
5101
5702
8585
6365
1929
2205
2190
4079
5786
8767
8081
975
8325
730
694
3993
6606
8673
1437
9252
5594
3533
9090
5837
370
120
2611
2661
4376
4344
7491
321
9340
2958
5659
7861
6634
1468
9838
713
1547
867
2241
1259
8766
4001
251
2521
2922
3695
6267
754
4876
1391
176
5806
894
6260
9516
7716
554
2037
5813
6833
9952
5810
1168
2823
4270
7525
3477
7942
5563
812
8856
8360
168
1785
2299
1848
6067
6422
6064
612
8497
7350
3244
4724
8790
2529
378
7969
9349
4918
6825
4399
1506
9716
4996
6533
652
7800
4307
1327
7069
4841
1202
7544
5573
4702
7745
9846
2246
8944
5139
2048
8448
885
703
1710
51
9225
8968
5609
8125
1796
4168
6071
2288
4833
6504
599
9153
5383
9493
6026
9249
7287
5558
9758
2373
9377
4269
2963
3068
2533
7328
815
2380
3430
3968
1508
5135
4521
4735
9678
3947
827
7922
6366
6221
7545
1019
9119
668
1002
2373
9956
3872
5565
9004
6565
7020
2354
5371
1034
9252
2474
8191
2791
7785
4448
6849
981
8993
7572
2247
9555
9342
5144
3388
5970
1967
8416
3020
5335
4651
3149
7075
1501
4489
5373
6158
1681
4050
3288
9485
4489
8471
4126
7144
8764
7583
294
1313
6632
2947
8220
21
9305
6251
5839
2685
2908
1347
9020
69
9660
2441
191
2211
1471
6681
4634
3197
6304
671
3225
7808
8517
959
43
4089
9057
5464
943
9381
6833
3626
4527
1885
9034
9310
7904
1071
1604
3179
7754
4786
9309
7407
6825
768
6681
4194
8880
4461
1671
3407
161
3448
8836
5038
1827
462
2058
1482
9747
1476
6747
3054
8336
5854
6399
7742
2184
6809
4281
1982
6476
9958
805
4167
2657
5267
1221
9459
8172
3708
4376
4031
7391
9581
465
485
5342
8807
251
1881
3308
7449
7031
6611
5248
9728
2140
8517
5758
5765
9069
1808
7739
3337
882
8625
4514
9088
823
8395
5556
7877
2491
3473
3212
2700
3639
5296
9964
7175
6205
4948
8958
816
8539
8956
6891
3410
4135
1738
2563
2375
6002
5356
1413
5999
2538
9718
8326
7971
499
4947
49
4518
7917
9872
8663
8219
8708
4234
8658
760
3639
2561
6463
8668
785
7118
7506
1155
4994
6085
4467
944
4765
2719
4754
8763
5659
7394
5238
9938
323
9409
753
608
6354
2016
2129
1726
4047
752
8158
1950
1297
657
7846
7703
3810
2014
4275
187
8108
513
7435
4959
9262
6347
886
8520
1879
7823
6434
7891
568
8960
7996
5954
4060
3288
8300
3627
7457
9343
3311
3605
1857
8557
128
3504
3145
4534
6753
1193
79
9224
8453
7753
6546
6609
4339
9
7293
5173
9993
1271
9848
3150
704
5798
5623
4546
3333
896
2384
7350
1917
279
3875
1905
3002
3471
8087
1498
2274
5535
4454
3216
9897
4538
7460
2428
9081
3226
7991
1179
7101
9196
6044
4375
6388
4016
1554
5953
1017
8948
7593
2151
1785
235
9394
3297
6004
410
6338
4304
9350
3516
74
345
1588
486
4527
7240
4774
1250
2529
9684
3840
979
1059
8564
8285
7757
4920
9346
9386
4417
1686
217
5292
4135
995
475
3093
6039
5906
743
6324
8265
5968
1443
2298
9916
6566
8107
2904
9867
231
573
7286
5661
9071
1448
5416
7043
4150
1862
9712
7827
4053
369
9663
1713
253
3825
1259
5768
975
664
4037
6201
6498
3549
2127
3914
3143
467
1951
3568
3212
4419
4349
4672
5542
8078
4689
1528
3920
1198
4436
7937
4882
6991
2855
6311
9340
6087
1558
3555
2951
3077
9243
8714
3675
9042
3948
2102
6716
6490
2187
8219
305
5953
6231
2299
1906
8574
436
5899
5288
8318
551
4149
8325
7699
5034
1109
4594
7369
1180
2699
97
7440
7361
3240
5918
9949
6440
3842
1987
2902
2713
718
4895
3436
8507
527
6645
9879
9467
3174
2384
1054
2327
9727
5174
5586
1283
6881
1959
4005
4070
4134
53
1205
9740
4217
9896
8554
9371
1333
8922
298
8964
9884
7246
3103
3812
9236
5232
3867
1404
9434
1411
5553
4214
7385
3211
7916
5128
3545
5755
4665
3181
731
6420
5009
9183
6566
8364
9259
4344
3452